time	V(out)
0.000000000000000e+000	1.515539e-017
7.812499952519758e-011	1.044600e-009
1.562499990503952e-010	2.125947e-009
3.124999981007903e-010	4.202790e-009
6.249999962015806e-010	7.708604e-009
1.249999992403161e-009	1.273103e-008
2.499999984806323e-009	1.829415e-008
4.999999969612645e-009	2.255570e-008
9.999999939225290e-009	2.735620e-008
1.999999987845058e-008	7.658861e-008
3.999999975690116e-008	7.186705e-007
7.999999951380232e-008	7.678638e-006
1.599999990276046e-007	6.616263e-005
3.199999980552093e-007	4.016310e-004
5.778807407153166e-007	1.522142e-003
9.561859132319810e-007	4.162586e-003
1.556852264325962e-006	9.610811e-003
2.221417216208710e-006	1.641866e-002
3.114750049714459e-006	2.601739e-002
4.352037184562749e-006	3.946658e-002
6.679886041720121e-006	6.481211e-002
1.133558375603486e-005	1.154375e-001
1.914808375603486e-005	2.001338e-001
2.696058375603486e-005	2.843727e-001
3.477308375603486e-005	3.679266e-001
4.258558375603486e-005	4.505942e-001
5.039808375603486e-005	5.321762e-001
5.821058375603486e-005	6.124762e-001
6.602308375603486e-005	6.913007e-001
7.383558375603487e-005	7.684598e-001
8.164808375603488e-005	8.437676e-001
8.946058375603489e-005	9.170427e-001
9.727308375603489e-005	9.881086e-001
1.050855837560349e-004	1.056794e+000
1.128980837560349e-004	1.122934e+000
1.207105837560349e-004	1.186368e+000
1.285230837560349e-004	1.246944e+000
1.363355837560349e-004	1.304516e+000
1.441480837560349e-004	1.358946e+000
1.519605837560349e-004	1.410101e+000
1.597730837560350e-004	1.457860e+000
1.675855837560350e-004	1.502106e+000
1.753980837560350e-004	1.542734e+000
1.832105837560350e-004	1.579645e+000
1.910230837560350e-004	1.612750e+000
1.988355837560350e-004	1.641971e+000
2.066480837560350e-004	1.667235e+000
2.144605837560350e-004	1.688483e+000
2.222730837560350e-004	1.705663e+000
2.300855837560350e-004	1.718735e+000
2.378980837560350e-004	1.727665e+000
2.457105837560350e-004	1.732434e+000
2.535230837560350e-004	1.733029e+000
2.613355837560350e-004	1.729449e+000
2.691480837560350e-004	1.721702e+000
2.769605837560350e-004	1.709808e+000
2.847730837560350e-004	1.693795e+000
2.925855837560350e-004	1.673701e+000
3.003980837560351e-004	1.649575e+000
3.082105837560351e-004	1.621475e+000
3.160230837560351e-004	1.589469e+000
3.238355837560351e-004	1.553634e+000
3.316480837560351e-004	1.514056e+000
3.394605837560351e-004	1.470831e+000
3.472730837560351e-004	1.424062e+000
3.550855837560351e-004	1.373862e+000
3.628980837560351e-004	1.320353e+000
3.707105837560351e-004	1.263663e+000
3.785230837560351e-004	1.203929e+000
3.863355837560351e-004	1.141294e+000
3.941480837560351e-004	1.075910e+000
4.019605837560351e-004	1.007934e+000
4.097730837560351e-004	9.375299e-001
4.175855837560352e-004	8.648671e-001
4.253980837560352e-004	7.901207e-001
4.332105837560352e-004	7.134708e-001
4.410230837560352e-004	6.351022e-001
4.488355837560352e-004	5.552035e-001
4.566480837560352e-004	4.739673e-001
4.644605837560352e-004	3.915892e-001
4.722730837560352e-004	3.082677e-001
4.800855837560352e-004	2.242036e-001
4.878980837560352e-004	1.395993e-001
4.957105837560352e-004	5.465866e-002
5.035230837560352e-004	-3.041366e-002
5.113355837560352e-004	-1.154127e-001
5.191480837560352e-004	-2.001338e-001
5.269605837560352e-004	-2.843727e-001
5.347730837560352e-004	-3.679266e-001
5.425855837560352e-004	-4.505942e-001
5.503980837560352e-004	-5.321762e-001
5.582105837560352e-004	-6.124762e-001
5.660230837560352e-004	-6.913007e-001
5.738355837560352e-004	-7.684598e-001
5.816480837560352e-004	-8.437676e-001
5.894605837560353e-004	-9.170427e-001
5.972730837560353e-004	-9.881086e-001
6.050855837560353e-004	-1.056794e+000
6.128980837560353e-004	-1.122934e+000
6.207105837560353e-004	-1.186368e+000
6.285230837560353e-004	-1.246944e+000
6.363355837560353e-004	-1.304516e+000
6.441480837560353e-004	-1.358945e+000
6.519605837560353e-004	-1.410101e+000
6.597730837560353e-004	-1.457860e+000
6.675855837560353e-004	-1.502106e+000
6.753980837560353e-004	-1.542734e+000
6.832105837560353e-004	-1.579645e+000
6.910230837560353e-004	-1.612750e+000
6.988355837560354e-004	-1.641971e+000
7.066480837560354e-004	-1.667235e+000
7.144605837560354e-004	-1.688483e+000
7.222730837560354e-004	-1.705663e+000
7.300855837560354e-004	-1.718735e+000
7.378980837560354e-004	-1.727665e+000
7.457105837560354e-004	-1.732434e+000
7.535230837560354e-004	-1.733029e+000
7.613355837560354e-004	-1.729449e+000
7.691480837560354e-004	-1.721702e+000
7.769605837560354e-004	-1.709808e+000
7.847730837560354e-004	-1.693795e+000
7.925855837560354e-004	-1.673701e+000
8.003980837560354e-004	-1.649575e+000
8.082105837560354e-004	-1.621475e+000
8.160230837560355e-004	-1.589469e+000
8.238355837560355e-004	-1.553634e+000
8.316480837560355e-004	-1.514056e+000
8.394605837560355e-004	-1.470831e+000
8.472730837560355e-004	-1.424062e+000
8.550855837560355e-004	-1.373863e+000
8.628980837560355e-004	-1.320353e+000
8.707105837560355e-004	-1.263663e+000
8.785230837560355e-004	-1.203929e+000
8.863355837560355e-004	-1.141294e+000
8.941480837560355e-004	-1.075910e+000
9.019605837560355e-004	-1.007934e+000
9.097730837560355e-004	-9.375299e-001
9.175855837560355e-004	-8.648671e-001
9.253980837560356e-004	-7.901207e-001
9.332105837560356e-004	-7.134708e-001
9.410230837560356e-004	-6.351022e-001
9.488355837560356e-004	-5.552035e-001
9.566480837560356e-004	-4.739673e-001
9.644605837560356e-004	-3.915892e-001
9.722730837560356e-004	-3.082677e-001
9.800855837560356e-004	-2.242036e-001
9.878980837560356e-004	-1.395993e-001
9.957105837560356e-004	-5.465866e-002
1.003523083756036e-003	3.041366e-002
1.011335583756036e-003	1.154127e-001
1.019148083756036e-003	2.001338e-001
1.026960583756036e-003	2.843727e-001
1.034773083756036e-003	3.679266e-001
1.042585583756036e-003	4.505942e-001
1.050398083756036e-003	5.321762e-001
1.058210583756036e-003	6.124762e-001
1.066023083756036e-003	6.913007e-001
1.073835583756036e-003	7.684598e-001
1.081648083756036e-003	8.437676e-001
1.089460583756036e-003	9.170427e-001
1.097273083756036e-003	9.881086e-001
1.105085583756036e-003	1.056794e+000
1.112898083756036e-003	1.122934e+000
1.120710583756036e-003	1.186368e+000
1.128523083756036e-003	1.246944e+000
1.136335583756036e-003	1.304516e+000
1.144148083756036e-003	1.358945e+000
1.151960583756036e-003	1.410101e+000
1.159773083756036e-003	1.457860e+000
1.167585583756036e-003	1.502106e+000
1.175398083756036e-003	1.542734e+000
1.183210583756036e-003	1.579645e+000
1.191023083756036e-003	1.612750e+000
1.198835583756036e-003	1.641971e+000
1.206648083756036e-003	1.667235e+000
1.214460583756036e-003	1.688483e+000
1.222273083756036e-003	1.705663e+000
1.230085583756036e-003	1.718735e+000
1.237898083756036e-003	1.727665e+000
1.245710583756036e-003	1.732434e+000
1.253523083756036e-003	1.733029e+000
1.261335583756036e-003	1.729449e+000
1.269148083756036e-003	1.721702e+000
1.276960583756036e-003	1.709808e+000
1.284773083756036e-003	1.693795e+000
1.292585583756036e-003	1.673701e+000
1.300398083756036e-003	1.649575e+000
1.308210583756036e-003	1.621475e+000
1.316023083756036e-003	1.589469e+000
1.323835583756036e-003	1.553634e+000
1.331648083756036e-003	1.514056e+000
1.339460583756036e-003	1.470831e+000
1.347273083756036e-003	1.424062e+000
1.355085583756036e-003	1.373863e+000
1.362898083756036e-003	1.320353e+000
1.370710583756036e-003	1.263663e+000
1.378523083756036e-003	1.203929e+000
1.386335583756036e-003	1.141294e+000
1.394148083756036e-003	1.075910e+000
1.401960583756036e-003	1.007934e+000
1.409773083756036e-003	9.375299e-001
1.417585583756036e-003	8.648671e-001
1.425398083756036e-003	7.901207e-001
1.433210583756036e-003	7.134708e-001
1.441023083756036e-003	6.351022e-001
1.448835583756036e-003	5.552035e-001
1.456648083756036e-003	4.739673e-001
1.464460583756036e-003	3.915892e-001
1.472273083756036e-003	3.082677e-001
1.480085583756036e-003	2.242036e-001
1.487898083756036e-003	1.395993e-001
1.495710583756036e-003	5.465866e-002
1.503523083756036e-003	-3.041366e-002
1.511335583756036e-003	-1.154127e-001
1.519148083756036e-003	-2.001338e-001
1.526960583756036e-003	-2.843727e-001
1.534773083756036e-003	-3.679266e-001
1.542585583756036e-003	-4.505942e-001
1.550398083756036e-003	-5.321762e-001
1.558210583756036e-003	-6.124762e-001
1.566023083756036e-003	-6.913007e-001
1.573835583756036e-003	-7.684598e-001
1.581648083756036e-003	-8.437676e-001
1.589460583756036e-003	-9.170427e-001
1.597273083756036e-003	-9.881086e-001
1.605085583756036e-003	-1.056794e+000
1.612898083756036e-003	-1.122934e+000
1.620710583756036e-003	-1.186368e+000
1.628523083756036e-003	-1.246944e+000
1.636335583756036e-003	-1.304516e+000
1.644148083756036e-003	-1.358945e+000
1.651960583756036e-003	-1.410101e+000
1.659773083756036e-003	-1.457860e+000
1.667585583756036e-003	-1.502106e+000
1.675398083756036e-003	-1.542734e+000
1.683210583756036e-003	-1.579645e+000
1.691023083756036e-003	-1.612750e+000
1.698835583756036e-003	-1.641971e+000
1.706648083756036e-003	-1.667235e+000
1.714460583756036e-003	-1.688483e+000
1.722273083756036e-003	-1.705663e+000
1.730085583756036e-003	-1.718735e+000
1.737898083756036e-003	-1.727665e+000
1.745710583756036e-003	-1.732434e+000
1.753523083756036e-003	-1.733029e+000
1.761335583756036e-003	-1.729449e+000
1.769148083756036e-003	-1.721702e+000
1.776960583756036e-003	-1.709808e+000
1.784773083756036e-003	-1.693795e+000
1.792585583756036e-003	-1.673701e+000
1.800398083756036e-003	-1.649575e+000
1.808210583756036e-003	-1.621475e+000
1.816023083756036e-003	-1.589469e+000
1.823835583756036e-003	-1.553634e+000
1.831648083756036e-003	-1.514056e+000
1.839460583756036e-003	-1.470831e+000
1.847273083756036e-003	-1.424062e+000
1.855085583756036e-003	-1.373863e+000
1.862898083756036e-003	-1.320353e+000
1.870710583756036e-003	-1.263663e+000
1.878523083756036e-003	-1.203929e+000
1.886335583756036e-003	-1.141294e+000
1.894148083756036e-003	-1.075910e+000
1.901960583756036e-003	-1.007934e+000
1.909773083756036e-003	-9.375299e-001
1.917585583756036e-003	-8.648671e-001
1.925398083756036e-003	-7.901207e-001
1.933210583756036e-003	-7.134708e-001
1.941023083756036e-003	-6.351022e-001
1.948835583756037e-003	-5.552035e-001
1.956648083756037e-003	-4.739673e-001
1.964460583756037e-003	-3.915892e-001
1.972273083756037e-003	-3.082677e-001
1.980085583756037e-003	-2.242036e-001
1.987898083756037e-003	-1.395993e-001
1.995710583756037e-003	-5.465866e-002
2.003523083756037e-003	3.041366e-002
2.011335583756037e-003	1.154127e-001
2.019148083756037e-003	2.001338e-001
2.026960583756037e-003	2.843727e-001
2.034773083756037e-003	3.679266e-001
2.042585583756037e-003	4.505942e-001
2.050398083756037e-003	5.321762e-001
2.058210583756037e-003	6.124762e-001
2.066023083756037e-003	6.913007e-001
2.073835583756037e-003	7.684598e-001
2.081648083756037e-003	8.437676e-001
2.089460583756037e-003	9.170427e-001
2.097273083756037e-003	9.881086e-001
2.105085583756037e-003	1.056794e+000
2.112898083756037e-003	1.122934e+000
2.120710583756037e-003	1.186368e+000
2.128523083756037e-003	1.246944e+000
2.136335583756037e-003	1.304516e+000
2.144148083756037e-003	1.358945e+000
2.151960583756037e-003	1.410101e+000
2.159773083756037e-003	1.457860e+000
2.167585583756037e-003	1.502106e+000
2.175398083756037e-003	1.542734e+000
2.183210583756037e-003	1.579645e+000
2.191023083756037e-003	1.612750e+000
2.198835583756037e-003	1.641971e+000
2.206648083756037e-003	1.667235e+000
2.214460583756037e-003	1.688483e+000
2.222273083756037e-003	1.705663e+000
2.230085583756037e-003	1.718735e+000
2.237898083756037e-003	1.727665e+000
2.245710583756037e-003	1.732434e+000
2.253523083756037e-003	1.733029e+000
2.261335583756037e-003	1.729449e+000
2.269148083756037e-003	1.721702e+000
2.276960583756037e-003	1.709808e+000
2.284773083756037e-003	1.693795e+000
2.292585583756037e-003	1.673701e+000
2.300398083756037e-003	1.649575e+000
2.308210583756037e-003	1.621475e+000
2.316023083756037e-003	1.589469e+000
2.323835583756037e-003	1.553634e+000
2.331648083756037e-003	1.514056e+000
2.339460583756037e-003	1.470831e+000
2.347273083756037e-003	1.424062e+000
2.355085583756037e-003	1.373863e+000
2.362898083756037e-003	1.320353e+000
2.370710583756037e-003	1.263663e+000
2.378523083756037e-003	1.203929e+000
2.386335583756037e-003	1.141294e+000
2.394148083756037e-003	1.075910e+000
2.401960583756037e-003	1.007934e+000
2.409773083756037e-003	9.375299e-001
2.417585583756037e-003	8.648671e-001
2.425398083756037e-003	7.901207e-001
2.433210583756037e-003	7.134708e-001
2.441023083756037e-003	6.351022e-001
2.448835583756037e-003	5.552035e-001
2.456648083756037e-003	4.739673e-001
2.464460583756037e-003	3.915892e-001
2.472273083756037e-003	3.082677e-001
2.480085583756037e-003	2.242036e-001
2.487898083756037e-003	1.395993e-001
2.495710583756037e-003	5.465866e-002
2.503523083756037e-003	-3.041366e-002
2.511335583756037e-003	-1.154127e-001
2.519148083756037e-003	-2.001338e-001
2.526960583756037e-003	-2.843727e-001
2.534773083756037e-003	-3.679266e-001
2.542585583756037e-003	-4.505942e-001
2.550398083756037e-003	-5.321762e-001
2.558210583756037e-003	-6.124762e-001
2.566023083756037e-003	-6.913007e-001
2.573835583756037e-003	-7.684598e-001
2.581648083756037e-003	-8.437676e-001
2.589460583756037e-003	-9.170427e-001
2.597273083756037e-003	-9.881086e-001
2.605085583756037e-003	-1.056794e+000
2.612898083756037e-003	-1.122934e+000
2.620710583756037e-003	-1.186368e+000
2.628523083756037e-003	-1.246944e+000
2.636335583756037e-003	-1.304516e+000
2.644148083756037e-003	-1.358945e+000
2.651960583756037e-003	-1.410101e+000
2.659773083756037e-003	-1.457860e+000
2.667585583756037e-003	-1.502106e+000
2.675398083756037e-003	-1.542734e+000
2.683210583756037e-003	-1.579645e+000
2.691023083756037e-003	-1.612750e+000
2.698835583756037e-003	-1.641971e+000
2.706648083756037e-003	-1.667235e+000
2.714460583756037e-003	-1.688483e+000
2.722273083756037e-003	-1.705663e+000
2.730085583756037e-003	-1.718735e+000
2.737898083756037e-003	-1.727665e+000
2.745710583756037e-003	-1.732434e+000
2.753523083756037e-003	-1.733029e+000
2.761335583756037e-003	-1.729449e+000
2.769148083756037e-003	-1.721702e+000
2.776960583756037e-003	-1.709808e+000
2.784773083756037e-003	-1.693795e+000
2.792585583756037e-003	-1.673701e+000
2.800398083756037e-003	-1.649575e+000
2.808210583756037e-003	-1.621475e+000
2.816023083756037e-003	-1.589469e+000
2.823835583756037e-003	-1.553634e+000
2.831648083756037e-003	-1.514056e+000
2.839460583756037e-003	-1.470831e+000
2.847273083756037e-003	-1.424062e+000
2.855085583756037e-003	-1.373863e+000
2.862898083756037e-003	-1.320353e+000
2.870710583756037e-003	-1.263663e+000
2.878523083756037e-003	-1.203929e+000
2.886335583756037e-003	-1.141294e+000
2.894148083756037e-003	-1.075910e+000
2.901960583756037e-003	-1.007934e+000
2.909773083756037e-003	-9.375299e-001
2.917585583756037e-003	-8.648671e-001
2.925398083756037e-003	-7.901207e-001
2.933210583756037e-003	-7.134708e-001
2.941023083756037e-003	-6.351022e-001
2.948835583756037e-003	-5.552035e-001
2.956648083756037e-003	-4.739673e-001
2.964460583756037e-003	-3.915892e-001
2.972273083756037e-003	-3.082677e-001
2.980085583756037e-003	-2.242036e-001
2.987898083756037e-003	-1.395993e-001
2.995710583756037e-003	-5.465866e-002
3.003523083756037e-003	3.041366e-002
3.011335583756037e-003	1.154127e-001
3.019148083756037e-003	2.001338e-001
3.026960583756037e-003	2.843727e-001
3.034773083756037e-003	3.679266e-001
3.042585583756037e-003	4.505942e-001
3.050398083756037e-003	5.321762e-001
3.058210583756037e-003	6.124762e-001
3.066023083756037e-003	6.913007e-001
3.073835583756038e-003	7.684598e-001
3.081648083756038e-003	8.437676e-001
3.089460583756038e-003	9.170427e-001
3.097273083756038e-003	9.881086e-001
3.105085583756038e-003	1.056794e+000
3.112898083756038e-003	1.122934e+000
3.120710583756038e-003	1.186368e+000
3.128523083756038e-003	1.246944e+000
3.136335583756038e-003	1.304516e+000
3.144148083756038e-003	1.358945e+000
3.151960583756038e-003	1.410101e+000
3.159773083756038e-003	1.457860e+000
3.167585583756038e-003	1.502106e+000
3.175398083756038e-003	1.542734e+000
3.183210583756038e-003	1.579645e+000
3.191023083756038e-003	1.612750e+000
3.198835583756038e-003	1.641971e+000
3.206648083756038e-003	1.667235e+000
3.214460583756038e-003	1.688483e+000
3.222273083756038e-003	1.705663e+000
3.230085583756038e-003	1.718735e+000
3.237898083756038e-003	1.727665e+000
3.245710583756038e-003	1.732434e+000
3.253523083756038e-003	1.733029e+000
3.261335583756038e-003	1.729449e+000
3.269148083756038e-003	1.721702e+000
3.276960583756038e-003	1.709808e+000
3.284773083756038e-003	1.693795e+000
3.292585583756038e-003	1.673701e+000
3.300398083756038e-003	1.649575e+000
3.308210583756038e-003	1.621475e+000
3.316023083756038e-003	1.589469e+000
3.323835583756038e-003	1.553634e+000
3.331648083756038e-003	1.514056e+000
3.339460583756038e-003	1.470831e+000
3.347273083756038e-003	1.424062e+000
3.355085583756038e-003	1.373863e+000
3.362898083756038e-003	1.320353e+000
3.370710583756038e-003	1.263663e+000
3.378523083756038e-003	1.203929e+000
3.386335583756038e-003	1.141294e+000
3.394148083756038e-003	1.075910e+000
3.401960583756038e-003	1.007934e+000
3.409773083756038e-003	9.375299e-001
3.417585583756038e-003	8.648671e-001
3.425398083756038e-003	7.901207e-001
3.433210583756038e-003	7.134708e-001
3.441023083756038e-003	6.351022e-001
3.448835583756038e-003	5.552035e-001
3.456648083756038e-003	4.739673e-001
3.464460583756038e-003	3.915892e-001
3.472273083756038e-003	3.082677e-001
3.480085583756038e-003	2.242036e-001
3.487898083756038e-003	1.395993e-001
3.495710583756038e-003	5.465866e-002
3.503523083756038e-003	-3.041366e-002
3.511335583756038e-003	-1.154127e-001
3.519148083756038e-003	-2.001338e-001
3.526960583756038e-003	-2.843727e-001
3.534773083756038e-003	-3.679266e-001
3.542585583756038e-003	-4.505942e-001
3.550398083756038e-003	-5.321762e-001
3.558210583756038e-003	-6.124762e-001
3.566023083756038e-003	-6.913007e-001
3.573835583756038e-003	-7.684598e-001
3.581648083756038e-003	-8.437676e-001
3.589460583756038e-003	-9.170427e-001
3.597273083756038e-003	-9.881086e-001
3.605085583756038e-003	-1.056794e+000
3.612898083756038e-003	-1.122934e+000
3.620710583756038e-003	-1.186368e+000
3.628523083756038e-003	-1.246944e+000
3.636335583756038e-003	-1.304516e+000
3.644148083756038e-003	-1.358945e+000
3.651960583756038e-003	-1.410101e+000
3.659773083756038e-003	-1.457860e+000
3.667585583756038e-003	-1.502106e+000
3.675398083756038e-003	-1.542734e+000
3.683210583756038e-003	-1.579645e+000
3.691023083756038e-003	-1.612750e+000
3.698835583756038e-003	-1.641971e+000
3.706648083756038e-003	-1.667235e+000
3.714460583756038e-003	-1.688483e+000
3.722273083756038e-003	-1.705663e+000
3.730085583756038e-003	-1.718735e+000
3.737898083756038e-003	-1.727665e+000
3.745710583756038e-003	-1.732434e+000
3.753523083756038e-003	-1.733029e+000
3.761335583756038e-003	-1.729449e+000
3.769148083756038e-003	-1.721702e+000
3.776960583756038e-003	-1.709808e+000
3.784773083756038e-003	-1.693795e+000
3.792585583756038e-003	-1.673701e+000
3.800398083756038e-003	-1.649575e+000
3.808210583756038e-003	-1.621475e+000
3.816023083756038e-003	-1.589469e+000
3.823835583756038e-003	-1.553634e+000
3.831648083756038e-003	-1.514056e+000
3.839460583756038e-003	-1.470831e+000
3.847273083756038e-003	-1.424062e+000
3.855085583756038e-003	-1.373863e+000
3.862898083756038e-003	-1.320353e+000
3.870710583756038e-003	-1.263663e+000
3.878523083756038e-003	-1.203929e+000
3.886335583756038e-003	-1.141294e+000
3.894148083756038e-003	-1.075910e+000
3.901960583756038e-003	-1.007934e+000
3.909773083756038e-003	-9.375299e-001
3.917585583756038e-003	-8.648671e-001
3.925398083756038e-003	-7.901207e-001
3.933210583756038e-003	-7.134708e-001
3.941023083756038e-003	-6.351022e-001
3.948835583756038e-003	-5.552035e-001
3.956648083756038e-003	-4.739673e-001
3.964460583756038e-003	-3.915892e-001
3.972273083756038e-003	-3.082677e-001
3.980085583756038e-003	-2.242036e-001
3.987898083756038e-003	-1.395993e-001
3.995710583756038e-003	-5.465866e-002
4.003523083756038e-003	3.041366e-002
4.011335583756038e-003	1.154127e-001
4.019148083756038e-003	2.001338e-001
4.026960583756038e-003	2.843727e-001
4.034773083756038e-003	3.679266e-001
4.042585583756038e-003	4.505942e-001
4.050398083756038e-003	5.321762e-001
4.058210583756038e-003	6.124762e-001
4.066023083756038e-003	6.913007e-001
4.073835583756038e-003	7.684598e-001
4.081648083756038e-003	8.437676e-001
4.089460583756038e-003	9.170427e-001
4.097273083756038e-003	9.881086e-001
4.105085583756038e-003	1.056794e+000
4.112898083756038e-003	1.122934e+000
4.120710583756038e-003	1.186368e+000
4.128523083756038e-003	1.246944e+000
4.136335583756038e-003	1.304516e+000
4.144148083756038e-003	1.358945e+000
4.151960583756038e-003	1.410101e+000
4.159773083756038e-003	1.457860e+000
4.167585583756038e-003	1.502106e+000
4.175398083756038e-003	1.542734e+000
4.183210583756038e-003	1.579645e+000
4.191023083756038e-003	1.612750e+000
4.198835583756038e-003	1.641971e+000
4.206648083756038e-003	1.667235e+000
4.214460583756038e-003	1.688483e+000
4.222273083756038e-003	1.705663e+000
4.230085583756038e-003	1.718735e+000
4.237898083756038e-003	1.727665e+000
4.245710583756038e-003	1.732434e+000
4.253523083756038e-003	1.733029e+000
4.261335583756038e-003	1.729449e+000
4.269148083756038e-003	1.721702e+000
4.276960583756038e-003	1.709808e+000
4.284773083756038e-003	1.693795e+000
4.292585583756038e-003	1.673701e+000
4.300398083756038e-003	1.649575e+000
4.308210583756038e-003	1.621475e+000
4.316023083756038e-003	1.589469e+000
4.323835583756038e-003	1.553634e+000
4.331648083756038e-003	1.514056e+000
4.339460583756038e-003	1.470831e+000
4.347273083756038e-003	1.424062e+000
4.355085583756038e-003	1.373863e+000
4.362898083756038e-003	1.320353e+000
4.370710583756038e-003	1.263663e+000
4.378523083756038e-003	1.203929e+000
4.386335583756038e-003	1.141294e+000
4.394148083756038e-003	1.075910e+000
4.401960583756038e-003	1.007934e+000
4.409773083756038e-003	9.375299e-001
4.417585583756038e-003	8.648671e-001
4.425398083756038e-003	7.901207e-001
4.433210583756038e-003	7.134708e-001
4.441023083756038e-003	6.351022e-001
4.448835583756038e-003	5.552035e-001
4.456648083756038e-003	4.739673e-001
4.464460583756038e-003	3.915892e-001
4.472273083756038e-003	3.082677e-001
4.480085583756038e-003	2.242036e-001
4.487898083756038e-003	1.395993e-001
4.495710583756038e-003	5.465866e-002
4.503523083756038e-003	-3.041366e-002
4.511335583756038e-003	-1.154127e-001
4.519148083756038e-003	-2.001338e-001
4.526960583756038e-003	-2.843727e-001
4.534773083756038e-003	-3.679266e-001
4.542585583756038e-003	-4.505942e-001
4.550398083756038e-003	-5.321762e-001
4.558210583756038e-003	-6.124762e-001
4.566023083756038e-003	-6.913007e-001
4.573835583756038e-003	-7.684598e-001
4.581648083756038e-003	-8.437676e-001
4.589460583756038e-003	-9.170427e-001
4.597273083756038e-003	-9.881086e-001
4.605085583756038e-003	-1.056794e+000
4.612898083756038e-003	-1.122934e+000
4.620710583756038e-003	-1.186368e+000
4.628523083756038e-003	-1.246944e+000
4.636335583756038e-003	-1.304516e+000
4.644148083756038e-003	-1.358945e+000
4.651960583756038e-003	-1.410101e+000
4.659773083756038e-003	-1.457860e+000
4.667585583756038e-003	-1.502106e+000
4.675398083756038e-003	-1.542734e+000
4.683210583756039e-003	-1.579645e+000
4.691023083756039e-003	-1.612750e+000
4.698835583756039e-003	-1.641971e+000
4.706648083756039e-003	-1.667235e+000
4.714460583756039e-003	-1.688483e+000
4.722273083756039e-003	-1.705663e+000
4.730085583756039e-003	-1.718735e+000
4.737898083756039e-003	-1.727665e+000
4.745710583756039e-003	-1.732434e+000
4.753523083756039e-003	-1.733029e+000
4.761335583756039e-003	-1.729449e+000
4.769148083756039e-003	-1.721702e+000
4.776960583756039e-003	-1.709808e+000
4.784773083756039e-003	-1.693795e+000
4.792585583756039e-003	-1.673701e+000
4.800398083756039e-003	-1.649575e+000
4.808210583756039e-003	-1.621475e+000
4.816023083756039e-003	-1.589469e+000
4.823835583756039e-003	-1.553634e+000
4.831648083756039e-003	-1.514056e+000
4.839460583756039e-003	-1.470831e+000
4.847273083756039e-003	-1.424062e+000
4.855085583756039e-003	-1.373863e+000
4.862898083756039e-003	-1.320353e+000
4.870710583756039e-003	-1.263663e+000
4.878523083756039e-003	-1.203929e+000
4.886335583756039e-003	-1.141294e+000
4.894148083756039e-003	-1.075910e+000
4.901960583756039e-003	-1.007934e+000
4.909773083756039e-003	-9.375299e-001
4.917585583756039e-003	-8.648671e-001
4.925398083756039e-003	-7.901207e-001
4.933210583756039e-003	-7.134708e-001
4.941023083756039e-003	-6.351022e-001
4.948835583756039e-003	-5.552035e-001
4.956648083756039e-003	-4.739673e-001
4.964460583756039e-003	-3.915892e-001
4.972273083756039e-003	-3.082677e-001
4.980085583756039e-003	-2.242036e-001
4.987898083756039e-003	-1.395993e-001
4.995710583756039e-003	-5.465866e-002
5.003523083756039e-003	3.041366e-002
5.011335583756039e-003	1.154127e-001
5.019148083756039e-003	2.001338e-001
5.026960583756039e-003	2.843727e-001
5.034773083756039e-003	3.679266e-001
5.042585583756039e-003	4.505942e-001
5.050398083756039e-003	5.321762e-001
5.058210583756039e-003	6.124762e-001
5.066023083756039e-003	6.913007e-001
5.073835583756039e-003	7.684598e-001
5.081648083756039e-003	8.437676e-001
5.089460583756039e-003	9.170427e-001
5.097273083756039e-003	9.881086e-001
5.105085583756039e-003	1.056794e+000
5.112898083756039e-003	1.122934e+000
5.120710583756039e-003	1.186368e+000
5.128523083756039e-003	1.246944e+000
5.136335583756039e-003	1.304516e+000
5.144148083756039e-003	1.358945e+000
5.151960583756039e-003	1.410101e+000
5.159773083756039e-003	1.457860e+000
5.167585583756039e-003	1.502106e+000
5.175398083756039e-003	1.542734e+000
5.183210583756039e-003	1.579645e+000
5.191023083756039e-003	1.612750e+000
5.198835583756039e-003	1.641971e+000
5.206648083756039e-003	1.667235e+000
5.214460583756039e-003	1.688483e+000
5.222273083756039e-003	1.705663e+000
5.230085583756039e-003	1.718735e+000
5.237898083756039e-003	1.727665e+000
5.245710583756039e-003	1.732434e+000
5.253523083756039e-003	1.733029e+000
5.261335583756039e-003	1.729449e+000
5.269148083756039e-003	1.721702e+000
5.276960583756039e-003	1.709808e+000
5.284773083756039e-003	1.693795e+000
5.292585583756039e-003	1.673701e+000
5.300398083756039e-003	1.649575e+000
5.308210583756039e-003	1.621475e+000
5.316023083756039e-003	1.589469e+000
5.323835583756039e-003	1.553634e+000
5.331648083756039e-003	1.514056e+000
5.339460583756039e-003	1.470831e+000
5.347273083756039e-003	1.424062e+000
5.355085583756039e-003	1.373863e+000
5.362898083756039e-003	1.320353e+000
5.370710583756039e-003	1.263663e+000
5.378523083756039e-003	1.203929e+000
5.386335583756039e-003	1.141294e+000
5.394148083756039e-003	1.075910e+000
5.401960583756039e-003	1.007934e+000
5.409773083756039e-003	9.375299e-001
5.417585583756039e-003	8.648671e-001
5.425398083756039e-003	7.901207e-001
5.433210583756039e-003	7.134708e-001
5.441023083756039e-003	6.351022e-001
5.448835583756039e-003	5.552035e-001
5.456648083756039e-003	4.739673e-001
5.464460583756039e-003	3.915892e-001
5.472273083756039e-003	3.082677e-001
5.480085583756039e-003	2.242036e-001
5.487898083756039e-003	1.395993e-001
5.495710583756039e-003	5.465866e-002
5.503523083756039e-003	-3.041366e-002
5.511335583756039e-003	-1.154127e-001
5.519148083756039e-003	-2.001338e-001
5.526960583756039e-003	-2.843727e-001
5.534773083756039e-003	-3.679266e-001
5.542585583756039e-003	-4.505942e-001
5.550398083756039e-003	-5.321762e-001
5.558210583756039e-003	-6.124762e-001
5.566023083756039e-003	-6.913007e-001
5.573835583756039e-003	-7.684598e-001
5.581648083756039e-003	-8.437676e-001
5.589460583756039e-003	-9.170427e-001
5.597273083756039e-003	-9.881086e-001
5.605085583756039e-003	-1.056794e+000
5.612898083756039e-003	-1.122934e+000
5.620710583756039e-003	-1.186368e+000
5.628523083756039e-003	-1.246944e+000
5.636335583756039e-003	-1.304516e+000
5.644148083756039e-003	-1.358945e+000
5.651960583756039e-003	-1.410101e+000
5.659773083756039e-003	-1.457860e+000
5.667585583756039e-003	-1.502106e+000
5.675398083756039e-003	-1.542734e+000
5.683210583756039e-003	-1.579645e+000
5.691023083756039e-003	-1.612750e+000
5.698835583756039e-003	-1.641971e+000
5.706648083756039e-003	-1.667235e+000
5.714460583756039e-003	-1.688483e+000
5.722273083756039e-003	-1.705663e+000
5.730085583756039e-003	-1.718735e+000
5.737898083756039e-003	-1.727665e+000
5.745710583756039e-003	-1.732434e+000
5.753523083756039e-003	-1.733029e+000
5.761335583756039e-003	-1.729449e+000
5.769148083756039e-003	-1.721702e+000
5.776960583756039e-003	-1.709808e+000
5.784773083756039e-003	-1.693795e+000
5.792585583756039e-003	-1.673701e+000
5.800398083756039e-003	-1.649575e+000
5.808210583756039e-003	-1.621475e+000
5.816023083756040e-003	-1.589469e+000
5.823835583756040e-003	-1.553634e+000
5.831648083756040e-003	-1.514056e+000
5.839460583756040e-003	-1.470831e+000
5.847273083756040e-003	-1.424062e+000
5.855085583756040e-003	-1.373863e+000
5.862898083756040e-003	-1.320353e+000
5.870710583756040e-003	-1.263663e+000
5.878523083756040e-003	-1.203929e+000
5.886335583756040e-003	-1.141294e+000
5.894148083756040e-003	-1.075910e+000
5.901960583756040e-003	-1.007934e+000
5.909773083756040e-003	-9.375299e-001
5.917585583756040e-003	-8.648671e-001
5.925398083756040e-003	-7.901207e-001
5.933210583756040e-003	-7.134708e-001
5.941023083756040e-003	-6.351022e-001
5.948835583756040e-003	-5.552035e-001
5.956648083756040e-003	-4.739673e-001
5.964460583756040e-003	-3.915892e-001
5.972273083756040e-003	-3.082677e-001
5.980085583756040e-003	-2.242036e-001
5.987898083756040e-003	-1.395993e-001
5.995710583756040e-003	-5.465866e-002
6.003523083756040e-003	3.041366e-002
6.011335583756040e-003	1.154127e-001
6.019148083756040e-003	2.001338e-001
6.026960583756040e-003	2.843727e-001
6.034773083756040e-003	3.679266e-001
6.042585583756040e-003	4.505942e-001
6.050398083756040e-003	5.321762e-001
6.058210583756040e-003	6.124762e-001
6.066023083756040e-003	6.913007e-001
6.073835583756040e-003	7.684598e-001
6.081648083756040e-003	8.437676e-001
6.089460583756040e-003	9.170427e-001
6.097273083756040e-003	9.881086e-001
6.105085583756040e-003	1.056794e+000
6.112898083756040e-003	1.122934e+000
6.120710583756040e-003	1.186368e+000
6.128523083756040e-003	1.246944e+000
6.136335583756040e-003	1.304516e+000
6.144148083756040e-003	1.358945e+000
6.151960583756040e-003	1.410101e+000
6.159773083756040e-003	1.457860e+000
6.167585583756040e-003	1.502106e+000
6.175398083756040e-003	1.542734e+000
6.183210583756040e-003	1.579645e+000
6.191023083756040e-003	1.612750e+000
6.198835583756040e-003	1.641971e+000
6.206648083756040e-003	1.667235e+000
6.214460583756040e-003	1.688483e+000
6.222273083756040e-003	1.705663e+000
6.230085583756040e-003	1.718735e+000
6.237898083756040e-003	1.727665e+000
6.245710583756040e-003	1.732434e+000
6.253523083756040e-003	1.733029e+000
6.261335583756040e-003	1.729449e+000
6.269148083756040e-003	1.721702e+000
6.276960583756040e-003	1.709808e+000
6.284773083756040e-003	1.693795e+000
6.292585583756040e-003	1.673701e+000
6.300398083756040e-003	1.649575e+000
6.308210583756040e-003	1.621475e+000
6.316023083756040e-003	1.589469e+000
6.323835583756040e-003	1.553634e+000
6.331648083756040e-003	1.514056e+000
6.339460583756040e-003	1.470831e+000
6.347273083756040e-003	1.424062e+000
6.355085583756040e-003	1.373863e+000
6.362898083756040e-003	1.320353e+000
6.370710583756040e-003	1.263663e+000
6.378523083756040e-003	1.203929e+000
6.386335583756040e-003	1.141294e+000
6.394148083756040e-003	1.075910e+000
6.401960583756040e-003	1.007934e+000
6.409773083756040e-003	9.375299e-001
6.417585583756040e-003	8.648671e-001
6.425398083756040e-003	7.901207e-001
6.433210583756040e-003	7.134708e-001
6.441023083756040e-003	6.351022e-001
6.448835583756040e-003	5.552035e-001
6.456648083756040e-003	4.739673e-001
6.464460583756040e-003	3.915892e-001
6.472273083756040e-003	3.082677e-001
6.480085583756040e-003	2.242036e-001
6.487898083756040e-003	1.395993e-001
6.495710583756040e-003	5.465866e-002
6.503523083756040e-003	-3.041366e-002
6.511335583756040e-003	-1.154127e-001
6.519148083756040e-003	-2.001338e-001
6.526960583756040e-003	-2.843727e-001
6.534773083756040e-003	-3.679266e-001
6.542585583756040e-003	-4.505942e-001
6.550398083756040e-003	-5.321762e-001
6.558210583756040e-003	-6.124762e-001
6.566023083756040e-003	-6.913007e-001
6.573835583756040e-003	-7.684598e-001
6.581648083756040e-003	-8.437676e-001
6.589460583756040e-003	-9.170427e-001
6.597273083756040e-003	-9.881086e-001
6.605085583756040e-003	-1.056794e+000
6.612898083756040e-003	-1.122934e+000
6.620710583756040e-003	-1.186368e+000
6.628523083756040e-003	-1.246944e+000
6.636335583756040e-003	-1.304516e+000
6.644148083756040e-003	-1.358945e+000
6.651960583756040e-003	-1.410101e+000
6.659773083756040e-003	-1.457860e+000
6.667585583756040e-003	-1.502106e+000
6.675398083756040e-003	-1.542734e+000
6.683210583756040e-003	-1.579645e+000
6.691023083756040e-003	-1.612750e+000
6.698835583756040e-003	-1.641971e+000
6.706648083756040e-003	-1.667235e+000
6.714460583756040e-003	-1.688483e+000
6.722273083756040e-003	-1.705663e+000
6.730085583756040e-003	-1.718735e+000
6.737898083756040e-003	-1.727665e+000
6.745710583756040e-003	-1.732434e+000
6.753523083756040e-003	-1.733029e+000
6.761335583756040e-003	-1.729449e+000
6.769148083756040e-003	-1.721702e+000
6.776960583756040e-003	-1.709808e+000
6.784773083756040e-003	-1.693795e+000
6.792585583756040e-003	-1.673701e+000
6.800398083756040e-003	-1.649575e+000
6.808210583756040e-003	-1.621475e+000
6.816023083756040e-003	-1.589469e+000
6.823835583756040e-003	-1.553634e+000
6.831648083756040e-003	-1.514056e+000
6.839460583756040e-003	-1.470831e+000
6.847273083756040e-003	-1.424062e+000
6.855085583756040e-003	-1.373863e+000
6.862898083756040e-003	-1.320353e+000
6.870710583756040e-003	-1.263663e+000
6.878523083756040e-003	-1.203929e+000
6.886335583756040e-003	-1.141294e+000
6.894148083756040e-003	-1.075910e+000
6.901960583756040e-003	-1.007934e+000
6.909773083756040e-003	-9.375299e-001
6.917585583756040e-003	-8.648671e-001
6.925398083756040e-003	-7.901207e-001
6.933210583756040e-003	-7.134708e-001
6.941023083756041e-003	-6.351022e-001
6.948835583756041e-003	-5.552035e-001
6.956648083756041e-003	-4.739673e-001
6.964460583756041e-003	-3.915892e-001
6.972273083756041e-003	-3.082677e-001
6.980085583756041e-003	-2.242036e-001
6.987898083756041e-003	-1.395993e-001
6.995710583756041e-003	-5.465866e-002
7.003523083756041e-003	3.041366e-002
7.011335583756041e-003	1.154127e-001
7.019148083756041e-003	2.001338e-001
7.026960583756041e-003	2.843727e-001
7.034773083756041e-003	3.679266e-001
7.042585583756041e-003	4.505942e-001
7.050398083756041e-003	5.321762e-001
7.058210583756041e-003	6.124762e-001
7.066023083756041e-003	6.913007e-001
7.073835583756041e-003	7.684598e-001
7.081648083756041e-003	8.437676e-001
7.089460583756041e-003	9.170427e-001
7.097273083756041e-003	9.881086e-001
7.105085583756041e-003	1.056794e+000
7.112898083756041e-003	1.122934e+000
7.120710583756041e-003	1.186368e+000
7.128523083756041e-003	1.246944e+000
7.136335583756041e-003	1.304516e+000
7.144148083756041e-003	1.358945e+000
7.151960583756041e-003	1.410101e+000
7.159773083756041e-003	1.457860e+000
7.167585583756041e-003	1.502106e+000
7.175398083756041e-003	1.542734e+000
7.183210583756041e-003	1.579645e+000
7.191023083756041e-003	1.612750e+000
7.198835583756041e-003	1.641971e+000
7.206648083756041e-003	1.667235e+000
7.214460583756041e-003	1.688483e+000
7.222273083756041e-003	1.705663e+000
7.230085583756041e-003	1.718735e+000
7.237898083756041e-003	1.727665e+000
7.245710583756041e-003	1.732434e+000
7.253523083756041e-003	1.733029e+000
7.261335583756041e-003	1.729449e+000
7.269148083756041e-003	1.721702e+000
7.276960583756041e-003	1.709808e+000
7.284773083756041e-003	1.693795e+000
7.292585583756041e-003	1.673701e+000
7.300398083756041e-003	1.649575e+000
7.308210583756041e-003	1.621475e+000
7.316023083756041e-003	1.589469e+000
7.323835583756041e-003	1.553634e+000
7.331648083756041e-003	1.514056e+000
7.339460583756041e-003	1.470831e+000
7.347273083756041e-003	1.424062e+000
7.355085583756041e-003	1.373863e+000
7.362898083756041e-003	1.320353e+000
7.370710583756041e-003	1.263663e+000
7.378523083756041e-003	1.203929e+000
7.386335583756041e-003	1.141294e+000
7.394148083756041e-003	1.075910e+000
7.401960583756041e-003	1.007934e+000
7.409773083756041e-003	9.375299e-001
7.417585583756041e-003	8.648671e-001
7.425398083756041e-003	7.901207e-001
7.433210583756041e-003	7.134708e-001
7.441023083756041e-003	6.351022e-001
7.448835583756041e-003	5.552035e-001
7.456648083756041e-003	4.739673e-001
7.464460583756041e-003	3.915892e-001
7.472273083756041e-003	3.082677e-001
7.480085583756041e-003	2.242036e-001
7.487898083756041e-003	1.395993e-001
7.495710583756041e-003	5.465866e-002
7.503523083756041e-003	-3.041366e-002
7.511335583756041e-003	-1.154127e-001
7.519148083756041e-003	-2.001338e-001
7.526960583756041e-003	-2.843727e-001
7.534773083756041e-003	-3.679266e-001
7.542585583756041e-003	-4.505942e-001
7.550398083756041e-003	-5.321762e-001
7.558210583756041e-003	-6.124762e-001
7.566023083756041e-003	-6.913007e-001
7.573835583756041e-003	-7.684598e-001
7.581648083756041e-003	-8.437676e-001
7.589460583756041e-003	-9.170427e-001
7.597273083756041e-003	-9.881086e-001
7.605085583756041e-003	-1.056794e+000
7.612898083756041e-003	-1.122934e+000
7.620710583756041e-003	-1.186368e+000
7.628523083756041e-003	-1.246944e+000
7.636335583756041e-003	-1.304516e+000
7.644148083756041e-003	-1.358945e+000
7.651960583756041e-003	-1.410101e+000
7.659773083756041e-003	-1.457860e+000
7.667585583756041e-003	-1.502106e+000
7.675398083756041e-003	-1.542734e+000
7.683210583756041e-003	-1.579645e+000
7.691023083756041e-003	-1.612750e+000
7.698835583756041e-003	-1.641971e+000
7.706648083756041e-003	-1.667235e+000
7.714460583756041e-003	-1.688483e+000
7.722273083756041e-003	-1.705663e+000
7.730085583756041e-003	-1.718735e+000
7.737898083756041e-003	-1.727665e+000
7.745710583756041e-003	-1.732434e+000
7.753523083756041e-003	-1.733029e+000
7.761335583756041e-003	-1.729449e+000
7.769148083756041e-003	-1.721702e+000
7.776960583756041e-003	-1.709808e+000
7.784773083756041e-003	-1.693795e+000
7.792585583756041e-003	-1.673701e+000
7.800398083756041e-003	-1.649575e+000
7.808210583756041e-003	-1.621475e+000
7.816023083756040e-003	-1.589469e+000
7.823835583756040e-003	-1.553634e+000
7.831648083756039e-003	-1.514056e+000
7.839460583756038e-003	-1.470831e+000
7.847273083756037e-003	-1.424062e+000
7.855085583756036e-003	-1.373863e+000
7.862898083756035e-003	-1.320353e+000
7.870710583756034e-003	-1.263663e+000
7.878523083756034e-003	-1.203929e+000
7.886335583756033e-003	-1.141294e+000
7.894148083756032e-003	-1.075910e+000
7.901960583756031e-003	-1.007934e+000
7.909773083756030e-003	-9.375299e-001
7.917585583756029e-003	-8.648671e-001
7.925398083756028e-003	-7.901207e-001
7.933210583756028e-003	-7.134708e-001
7.941023083756027e-003	-6.351022e-001
7.948835583756026e-003	-5.552035e-001
7.956648083756025e-003	-4.739673e-001
7.964460583756024e-003	-3.915892e-001
7.972273083756023e-003	-3.082677e-001
7.980085583756022e-003	-2.242036e-001
7.987898083756021e-003	-1.395993e-001
7.995710583756021e-003	-5.466872e-002
8.000000000000000e-003	-7.956352e-003
