time	V(n001)	V(n006)
0.000000000000000e+00	0.000000e+00	0.000000e+00
1.797698234880247e-06	2.531946e-16	-2.531946e-16
3.595396469760494e-06	2.200836e-16	-2.200836e-16
5.393094704640741e-06	-9.933295e-17	9.933295e-17
7.190792939520988e-06	-7.050552e-16	7.050552e-16
8.988491174401235e-06	-1.597083e-15	1.597083e-15
1.078618940928148e-05	-2.775416e-15	2.775416e-15
1.258388764416172e-05	-4.240056e-15	4.240056e-15
2.516679928835105e-05	-9.166325e-14	9.166325e-14
3.232933246289107e-05	-4.681147e-13	4.681147e-13
3.685420484655992e-05	-1.507173e-12	1.507173e-12
3.976803351059301e-05	-3.557331e-12	3.557331e-12
4.194676135958827e-05	-7.347889e-12	7.347889e-12
4.392249191331754e-05	-1.513798e-11	1.513798e-11
4.602427279920526e-05	-3.279399e-11	3.279399e-11
4.797149695314489e-05	-6.783880e-11	6.783880e-11
5.000062251780898e-05	-1.448835e-10	1.448835e-10
5.195227548008843e-05	-3.016997e-10	3.016997e-10
5.395078450198100e-05	-6.392776e-10	6.392776e-10
5.590952600822063e-05	-1.336476e-09	1.336476e-09
5.789450924141361e-05	-2.820676e-09	2.820676e-09
5.985864894719827e-05	-5.910426e-09	5.910426e-09
6.183731811537777e-05	-1.244859e-08	1.244859e-08
6.380501081430207e-05	-2.611741e-08	2.611741e-08
6.578086101199560e-05	-5.494494e-08	5.494494e-08
6.775127062142533e-05	-1.153350e-07	1.153350e-07
6.972702942441094e-05	-2.423964e-07	2.423964e-07
7.170175966335557e-05	-5.085587e-07	5.085587e-07
7.368336489739205e-05	-1.066546e-06	1.066546e-06
7.567269500574458e-05	-2.230046e-06	2.230046e-06
7.768297377115855e-05	-4.644633e-06	4.644633e-06
7.973280395936141e-05	-9.606119e-06	9.606119e-06
8.186535772022199e-05	-1.970757e-05	1.970757e-05
8.415439839915910e-05	-4.014521e-05	4.014521e-05
8.674694765517138e-05	-8.204376e-05	8.204376e-05
8.989160464964524e-05	-1.708774e-04	1.708774e-04
9.403996486359710e-05	-3.712662e-04	3.712662e-04
1.000256925093294e-04	-8.635675e-04	8.635675e-04
1.095003395613189e-04	-2.211518e-03	2.211518e-03
1.260252630920106e-04	-6.444717e-03	6.444717e-03
1.584668558067473e-04	-2.197732e-02	2.197732e-02
2.233500412362208e-04	-8.092217e-02	8.092217e-02
3.531164120951677e-04	-2.990796e-01	2.990796e-01
6.007785282835104e-04	-9.680166e-01	9.680166e-01
8.561559241679611e-04	-1.970240e+00	1.970240e+00
1.241773848499605e-03	-3.966183e+00	3.966183e+00
1.714019852220211e-03	-6.897356e+00	6.897356e+00
2.479696439827824e-03	-1.208939e+01	1.208939e+01
3.391089033200944e-03	-1.814513e+01	1.814513e+01
4.085797093545424e-03	-2.229940e+01	2.229940e+01
4.415739540700954e-03	-2.395908e+01	2.395908e+01
4.763251304645411e-03	-2.536428e+01	2.536428e+01
5.211867786462946e-03	-2.674629e+01	2.674629e+01
5.644889971403846e-03	-2.756433e+01	2.756433e+01
6.347320025041691e-03	-2.808811e+01	2.808811e+01
7.323882525041691e-03	-2.823213e+01	2.823213e+01
8.300445025041691e-03	-2.823213e+01	2.823213e+01
9.277007525041691e-03	-2.823213e+01	2.823213e+01
1.025357002504169e-02	-2.823213e+01	2.823213e+01
1.123013252504169e-02	-2.823213e+01	2.823213e+01
1.220669502504169e-02	-2.823213e+01	2.823213e+01
1.318325752504169e-02	-2.825910e+01	2.825910e+01
1.400504970368921e-02	-2.834813e+01	2.834813e+01
1.411942666355065e-02	-2.838921e+01	2.838921e+01
1.434818058327353e-02	-2.854069e+01	2.854069e+01
1.480568842271930e-02	-2.890333e+01	2.890333e+01
1.522770217449401e-02	-2.919505e+01	2.919505e+01
1.567064968174521e-02	-2.935436e+01	2.935436e+01
1.638892065152322e-02	-2.941468e+01	2.941468e+01
1.736548315152322e-02	-2.942124e+01	2.942124e+01
1.834204565152322e-02	-2.942124e+01	2.942124e+01
1.931860815152322e-02	-2.942124e+01	2.942124e+01
2.029517065152322e-02	-2.942124e+01	2.942124e+01
2.127173315152322e-02	-2.942124e+01	2.942124e+01
2.224829565152322e-02	-2.942124e+01	2.942124e+01
2.322485815152322e-02	-2.942124e+01	2.942124e+01
2.402137329801795e-02	-2.942645e+01	2.942645e+01
2.436747429535864e-02	-2.944110e+01	2.944110e+01
2.462705004336415e-02	-2.950345e+01	2.950345e+01
2.497315104070484e-02	-2.962010e+01	2.962010e+01
2.529002053932401e-02	-2.970476e+01	2.970476e+01
2.577199379884337e-02	-2.976151e+01	2.976151e+01
2.655231056276705e-02	-2.977833e+01	2.977833e+01
2.752887306276705e-02	-2.977833e+01	2.977833e+01
2.850543556276705e-02	-2.977833e+01	2.977833e+01
2.948199806276705e-02	-2.977833e+01	2.977833e+01
3.045856056276705e-02	-2.977833e+01	2.977833e+01
3.143512306276705e-02	-2.977833e+01	2.977833e+01
3.241168556276705e-02	-2.977833e+01	2.977833e+01
3.338824806276705e-02	-2.977833e+01	2.977833e+01
3.408470589248914e-02	-2.977834e+01	2.977834e+01
3.441492080810914e-02	-2.978655e+01	2.978655e+01
3.476226058953840e-02	-2.981931e+01	2.981931e+01
3.521149782783763e-02	-2.987841e+01	2.987841e+01
3.564428807474219e-02	-2.991146e+01	2.991146e+01
3.634634767329868e-02	-2.992149e+01	2.992149e+01
3.732291017329868e-02	-2.992149e+01	2.992149e+01
3.829947267329868e-02	-2.992149e+01	2.992149e+01
3.927603517329868e-02	-2.992149e+01	2.992149e+01
4.025259767329868e-02	-2.992149e+01	2.992149e+01
4.122916017329868e-02	-2.992149e+01	2.992149e+01
4.220572267329868e-02	-2.992149e+01	2.992149e+01
4.318228517329868e-02	-2.992149e+01	2.992149e+01
4.400466711522830e-02	-2.992149e+01	2.992149e+01
4.435498287634844e-02	-2.992428e+01	2.992428e+01
4.468992465575413e-02	-2.993404e+01	2.993404e+01
4.475173941871039e-02	-2.993871e+01	2.993871e+01
4.487536894462291e-02	-2.995291e+01	2.995291e+01
4.512262799644795e-02	-2.997821e+01	2.997821e+01
4.549965838154030e-02	-2.999802e+01	2.999802e+01
4.611231530724937e-02	-3.000465e+01	3.000465e+01
4.708887780724937e-02	-3.000465e+01	3.000465e+01
4.806544030724937e-02	-3.000465e+01	3.000465e+01
4.904200280724937e-02	-3.000465e+01	3.000465e+01
5.001856530724937e-02	-3.000465e+01	3.000465e+01
5.099512780724937e-02	-3.000465e+01	3.000465e+01
5.197169030724937e-02	-3.000465e+01	3.000465e+01
5.294825280724937e-02	-3.000465e+01	3.000465e+01
5.392481530724937e-02	-3.000465e+01	3.000465e+01
5.429542327407802e-02	-3.000481e+01	3.000481e+01
5.461710969789572e-02	-3.000918e+01	3.000918e+01
5.492702633248116e-02	-3.002208e+01	3.002208e+01
5.527287302383641e-02	-3.003767e+01	3.003767e+01
5.574411428280417e-02	-3.004788e+01	3.004788e+01
5.583952603347571e-02	-3.004836e+01	3.004836e+01
5.603034953481878e-02	-3.004836e+01	3.004836e+01
5.641199653750492e-02	-3.004836e+01	3.004836e+01
5.717529054287721e-02	-3.004836e+01	3.004836e+01
5.815185304287721e-02	-3.004836e+01	3.004836e+01
5.912841554287721e-02	-3.004836e+01	3.004836e+01
6.010497804287721e-02	-3.004836e+01	3.004836e+01
6.108154054287721e-02	-3.004836e+01	3.004836e+01
6.205810304287721e-02	-3.004836e+01	3.004836e+01
6.303466554287721e-02	-3.004836e+01	3.004836e+01
6.401122804287721e-02	-3.004836e+01	3.004836e+01
6.435988732870770e-02	-3.004882e+01	3.004882e+01
6.469582892114126e-02	-3.005325e+01	3.005325e+01
6.506683925514931e-02	-3.006464e+01	3.006464e+01
6.540883251161343e-02	-3.007336e+01	3.007336e+01
6.596500387688504e-02	-3.007707e+01	3.007707e+01
6.607713944554397e-02	-3.007707e+01	3.007707e+01
6.630141058286181e-02	-3.007707e+01	3.007707e+01
6.674995285749748e-02	-3.007707e+01	3.007707e+01
6.764703740676882e-02	-3.007707e+01	3.007707e+01
6.862359990676882e-02	-3.007707e+01	3.007707e+01
6.960016240676882e-02	-3.007707e+01	3.007707e+01
7.057672490676882e-02	-3.007707e+01	3.007707e+01
7.155328740676882e-02	-3.007707e+01	3.007707e+01
7.252984990676882e-02	-3.007707e+01	3.007707e+01
7.350641240676882e-02	-3.007707e+01	3.007707e+01
7.412984229280620e-02	-3.007707e+01	3.007707e+01
7.444882081327117e-02	-3.007838e+01	3.007838e+01
7.480333819346553e-02	-3.008327e+01	3.008327e+01
7.485627415101634e-02	-3.008509e+01	3.008509e+01
7.496214606611797e-02	-3.009014e+01	3.009014e+01
7.517388989632122e-02	-3.009765e+01	3.009765e+01
7.558309380461703e-02	-3.010380e+01	3.010380e+01
7.624741687438040e-02	-3.010565e+01	3.010565e+01
7.722397937438040e-02	-3.010565e+01	3.010565e+01
7.820054187438040e-02	-3.010565e+01	3.010565e+01
7.917710437438040e-02	-3.010565e+01	3.010565e+01
8.015366687438040e-02	-3.010565e+01	3.010565e+01
8.113022937438040e-02	-3.010565e+01	3.010565e+01
8.210679187438040e-02	-3.010565e+01	3.010565e+01
8.308335437438040e-02	-3.010565e+01	3.010565e+01
8.405991687438040e-02	-3.010565e+01	3.010565e+01
8.439633272151595e-02	-3.010592e+01	3.010592e+01
8.473978658609256e-02	-3.010754e+01	3.010754e+01
8.520310145370268e-02	-3.011160e+01	3.011160e+01
8.563062728836045e-02	-3.011432e+01	3.011432e+01
8.632427511236439e-02	-3.011537e+01	3.011537e+01
8.730083761236439e-02	-3.011537e+01	3.011537e+01
8.827740011236439e-02	-3.011537e+01	3.011537e+01
8.925396261236439e-02	-3.011537e+01	3.011537e+01
9.023052511236439e-02	-3.011537e+01	3.011537e+01
9.120708761236439e-02	-3.011537e+01	3.011537e+01
9.218365011236439e-02	-3.011537e+01	3.011537e+01
9.316021261236439e-02	-3.011537e+01	3.011537e+01
9.399596906823759e-02	-3.011537e+01	3.011537e+01
9.434848335483990e-02	-3.011541e+01	3.011541e+01
9.468210430714069e-02	-3.011724e+01	3.011724e+01
9.504247025513012e-02	-3.012277e+01	3.012277e+01
9.536915431169903e-02	-3.012728e+01	3.012728e+01
9.590058121720921e-02	-3.012929e+01	3.012929e+01
9.675891410919606e-02	-3.012929e+01	3.012929e+01
9.773547660919606e-02	-3.012929e+01	3.012929e+01
9.871203910919606e-02	-3.012929e+01	3.012929e+01
9.968860160919606e-02	-3.012929e+01	3.012929e+01
1.006651641091961e-01	-3.012929e+01	3.012929e+01
1.016417266091961e-01	-3.012929e+01	3.012929e+01
1.026182891091961e-01	-3.012929e+01	3.012929e+01
1.035948516091961e-01	-3.012929e+01	3.012929e+01
1.041633271454788e-01	-3.012929e+01	3.012929e+01
1.044740137019380e-01	-3.012997e+01	3.012997e+01
1.048339380356812e-01	-3.013258e+01	3.013258e+01
1.048844745963826e-01	-3.013353e+01	3.013353e+01
1.049855477177854e-01	-3.013610e+01	3.013610e+01
1.051876939605909e-01	-3.013955e+01	3.013955e+01
1.055919864462019e-01	-3.014203e+01	3.014203e+01
1.062618020134657e-01	-3.014266e+01	3.014266e+01
1.072383645134657e-01	-3.014266e+01	3.014266e+01
1.082149270134657e-01	-3.014266e+01	3.014266e+01
1.091914895134657e-01	-3.014266e+01	3.014266e+01
1.101680520134657e-01	-3.014266e+01	3.014266e+01
1.111446145134657e-01	-3.014266e+01	3.014266e+01
1.121211770134657e-01	-3.014266e+01	3.014266e+01
1.130977395134657e-01	-3.014266e+01	3.014266e+01
1.139712087755545e-01	-3.014266e+01	3.014266e+01
1.143299971497327e-01	-3.014267e+01	3.014267e+01
1.146598875986482e-01	-3.014378e+01	3.014378e+01
1.149617825697959e-01	-3.014691e+01	3.014691e+01
1.152857947124774e-01	-3.015016e+01	3.015016e+01
1.157651236604191e-01	-3.015161e+01	3.015161e+01
1.165412490054425e-01	-3.015166e+01	3.015166e+01
1.175178115054425e-01	-3.015166e+01	3.015166e+01
1.184943740054425e-01	-3.015166e+01	3.015166e+01
1.194709365054425e-01	-3.015166e+01	3.015166e+01
1.204474990054425e-01	-3.015166e+01	3.015166e+01
1.214240615054425e-01	-3.015166e+01	3.015166e+01
1.224006240054425e-01	-3.015166e+01	3.015166e+01
1.233771865054425e-01	-3.015166e+01	3.015166e+01
1.240804541879112e-01	-3.015166e+01	3.015166e+01
1.244117311313799e-01	-3.015176e+01	3.015176e+01
1.247584015483162e-01	-3.015230e+01	3.015230e+01
1.252100566237269e-01	-3.015359e+01	3.015359e+01
1.252640424607545e-01	-3.015369e+01	3.015369e+01
1.253720141348098e-01	-3.015376e+01	3.015376e+01
1.253990070533235e-01	-3.015377e+01	3.015377e+01
1.254529928903512e-01	-3.015377e+01	3.015377e+01
1.255609645644064e-01	-3.015377e+01	3.015377e+01
1.255879574829202e-01	-3.015377e+01	3.015377e+01
1.256419433199478e-01	-3.015377e+01	3.015377e+01
1.259658583421135e-01	-3.015377e+01	3.015377e+01
1.263977450383344e-01	-3.015377e+01	3.015377e+01
1.272615184307762e-01	-3.015377e+01	3.015377e+01
1.282380809307762e-01	-3.015377e+01	3.015377e+01
1.292146434307762e-01	-3.015377e+01	3.015377e+01
1.301912059307762e-01	-3.015377e+01	3.015377e+01
1.311677684307762e-01	-3.015377e+01	3.015377e+01
1.321443309307762e-01	-3.015377e+01	3.015377e+01
1.331208934307762e-01	-3.015377e+01	3.015377e+01
1.339804104803304e-01	-3.015377e+01	3.015377e+01
1.343368644815621e-01	-3.015378e+01	3.015378e+01
1.346681361812384e-01	-3.015474e+01	3.015474e+01
1.349792356444274e-01	-3.015750e+01	3.015750e+01
1.352922821812821e-01	-3.016013e+01	3.016013e+01
1.357756705320247e-01	-3.016132e+01	3.016132e+01
1.365582295248369e-01	-3.016135e+01	3.016135e+01
1.375347920248369e-01	-3.016135e+01	3.016135e+01
1.385113545248369e-01	-3.016135e+01	3.016135e+01
1.394879170248369e-01	-3.016135e+01	3.016135e+01
1.404644795248369e-01	-3.016135e+01	3.016135e+01
1.414410420248369e-01	-3.016135e+01	3.016135e+01
1.415631123373369e-01	-3.016135e+01	3.016135e+01
1.418072529623369e-01	-3.016135e+01	3.016135e+01
1.422955342123369e-01	-3.016135e+01	3.016135e+01
1.430818275979276e-01	-3.016135e+01	3.016135e+01
1.440583900979276e-01	-3.016135e+01	3.016135e+01
1.443951885740722e-01	-3.016139e+01	3.016139e+01
1.447384044312909e-01	-3.016171e+01	3.016171e+01
1.452025848167798e-01	-3.016263e+01	3.016263e+01
1.452559850519034e-01	-3.016271e+01	3.016271e+01
1.453627855221508e-01	-3.016276e+01	3.016276e+01
1.455763864626455e-01	-3.016278e+01	3.016278e+01
1.460035883436349e-01	-3.016278e+01	3.016278e+01
1.468579921056138e-01	-3.016278e+01	3.016278e+01
1.478345546056138e-01	-3.016278e+01	3.016278e+01
1.488111171056138e-01	-3.016278e+01	3.016278e+01
1.497876796056138e-01	-3.016278e+01	3.016278e+01
1.507642421056138e-01	-3.016278e+01	3.016278e+01
1.517408046056138e-01	-3.016278e+01	3.016278e+01
1.527173671056138e-01	-3.016278e+01	3.016278e+01
1.536939296056138e-01	-3.016278e+01	3.016278e+01
1.542005959547142e-01	-3.016278e+01	3.016278e+01
1.545020957289439e-01	-3.016326e+01	3.016326e+01
1.548681170427347e-01	-3.016494e+01	3.016494e+01
1.552509578427338e-01	-3.016671e+01	3.016671e+01
1.557084760021730e-01	-3.016749e+01	3.016749e+01
1.564499583028976e-01	-3.016757e+01	3.016757e+01
1.574265208028976e-01	-3.016757e+01	3.016757e+01
1.584030833028976e-01	-3.016757e+01	3.016757e+01
1.593796458028976e-01	-3.016757e+01	3.016757e+01
1.603562083028976e-01	-3.016757e+01	3.016757e+01
1.613327708028976e-01	-3.016757e+01	3.016757e+01
1.623093333028976e-01	-3.016757e+01	3.016757e+01
1.632858958028976e-01	-3.016757e+01	3.016757e+01
1.633808052617463e-01	-3.016757e+01	3.016757e+01
1.635706241794437e-01	-3.016757e+01	3.016757e+01
1.639502620148385e-01	-3.016757e+01	3.016757e+01
1.644325116967021e-01	-3.016771e+01	3.016771e+01
1.647872874717922e-01	-3.016816e+01	3.016816e+01
1.652208392436499e-01	-3.016896e+01	3.016896e+01
1.656594853436540e-01	-3.016943e+01	3.016943e+01
1.663708941139471e-01	-3.016957e+01	3.016957e+01
1.673474566139471e-01	-3.016957e+01	3.016957e+01
1.683240191139471e-01	-3.016957e+01	3.016957e+01
1.693005816139471e-01	-3.016957e+01	3.016957e+01
1.702771441139471e-01	-3.016957e+01	3.016957e+01
1.712537066139471e-01	-3.016957e+01	3.016957e+01
1.722302691139471e-01	-3.016957e+01	3.016957e+01
1.732068316139471e-01	-3.016957e+01	3.016957e+01
1.740143105634692e-01	-3.016957e+01	3.016957e+01
1.743621921398537e-01	-3.016958e+01	3.016958e+01
1.746986045122891e-01	-3.017027e+01	3.017027e+01
1.750717670788326e-01	-3.017244e+01	3.017244e+01
1.754168558440968e-01	-3.017424e+01	3.017424e+01
1.759780260748655e-01	-3.017504e+01	3.017504e+01
1.768829145614796e-01	-3.017504e+01	3.017504e+01
1.778594770614796e-01	-3.017504e+01	3.017504e+01
1.788360395614796e-01	-3.017504e+01	3.017504e+01
1.798126020614796e-01	-3.017504e+01	3.017504e+01
1.807891645614796e-01	-3.017504e+01	3.017504e+01
1.817657270614796e-01	-3.017504e+01	3.017504e+01
1.827422895614796e-01	-3.017504e+01	3.017504e+01
1.837188520614796e-01	-3.017504e+01	3.017504e+01
1.842099368213294e-01	-3.017504e+01	3.017504e+01
1.845107328026417e-01	-3.017542e+01	3.017542e+01
1.848812938878185e-01	-3.017675e+01	3.017675e+01
1.852558618509002e-01	-3.017806e+01	3.017806e+01
1.857164515299477e-01	-3.017862e+01	3.017862e+01
1.864628199982028e-01	-3.017866e+01	3.017866e+01
1.874393824982028e-01	-3.017866e+01	3.017866e+01
1.884159449982028e-01	-3.017866e+01	3.017866e+01
1.893925074982028e-01	-3.017866e+01	3.017866e+01
1.903690699982028e-01	-3.017866e+01	3.017866e+01
1.913456324982028e-01	-3.017866e+01	3.017866e+01
1.923221949982028e-01	-3.017866e+01	3.017866e+01
1.932987574982028e-01	-3.017866e+01	3.017866e+01
1.940501641615782e-01	-3.017866e+01	3.017866e+01
1.943890255886528e-01	-3.017868e+01	3.017868e+01
1.947309617985982e-01	-3.017887e+01	3.017887e+01
1.951998022919800e-01	-3.017943e+01	3.017943e+01
1.956252593523108e-01	-3.017984e+01	3.017984e+01
1.963155998197593e-01	-3.018001e+01	3.018001e+01
1.972921623197593e-01	-3.018001e+01	3.018001e+01
1.982687248197593e-01	-3.018001e+01	3.018001e+01
1.992452873197593e-01	-3.018001e+01	3.018001e+01
2.002218498197593e-01	-3.018001e+01	3.018001e+01
2.011984123197593e-01	-3.018001e+01	3.018001e+01
2.021749748197593e-01	-3.018001e+01	3.018001e+01
2.031515373197593e-01	-3.018001e+01	3.018001e+01
2.032566630814311e-01	-3.018001e+01	3.018001e+01
2.034669146047746e-01	-3.018001e+01	3.018001e+01
2.038874176514616e-01	-3.018001e+01	3.018001e+01
2.043578471044945e-01	-3.018001e+01	3.018001e+01
2.046946597338420e-01	-3.018054e+01	3.018054e+01
2.050647634193024e-01	-3.018220e+01	3.018220e+01
2.054054526683343e-01	-3.018357e+01	3.018357e+01
2.059595177634481e-01	-3.018418e+01	3.018418e+01
2.068533115975838e-01	-3.018418e+01	3.018418e+01
2.078298740975838e-01	-3.018418e+01	3.018418e+01
2.088064365975838e-01	-3.018418e+01	3.018418e+01
2.097829990975838e-01	-3.018418e+01	3.018418e+01
2.107595615975838e-01	-3.018418e+01	3.018418e+01
2.117361240975838e-01	-3.018418e+01	3.018418e+01
2.127126865975838e-01	-3.018418e+01	3.018418e+01
2.136892490975838e-01	-3.018418e+01	3.018418e+01
2.141988403291764e-01	-3.018418e+01	3.018418e+01
2.145007718921940e-01	-3.018445e+01	3.018445e+01
2.148665041735359e-01	-3.018539e+01	3.018539e+01
2.152503574887735e-01	-3.018637e+01	3.018637e+01
2.157074996036414e-01	-3.018680e+01	3.018680e+01
2.164483835276059e-01	-3.018684e+01	3.018684e+01
2.174249460276059e-01	-3.018684e+01	3.018684e+01
2.184015085276059e-01	-3.018684e+01	3.018684e+01
2.193780710276059e-01	-3.018684e+01	3.018684e+01
2.203546335276059e-01	-3.018684e+01	3.018684e+01
2.213311960276059e-01	-3.018684e+01	3.018684e+01
2.223077585276059e-01	-3.018684e+01	3.018684e+01
2.232843210276059e-01	-3.018684e+01	3.018684e+01
2.240445596604543e-01	-3.018684e+01	3.018684e+01
2.243848280068442e-01	-3.018685e+01	3.018685e+01
2.247258949725226e-01	-3.018709e+01	3.018709e+01
2.251501638015392e-01	-3.018786e+01	3.018786e+01
2.255444795081226e-01	-3.018847e+01	3.018847e+01
2.261849202161118e-01	-3.018874e+01	3.018874e+01
2.271614827161118e-01	-3.018874e+01	3.018874e+01
2.281380452161118e-01	-3.018874e+01	3.018874e+01
2.291146077161118e-01	-3.018874e+01	3.018874e+01
2.300911702161118e-01	-3.018874e+01	3.018874e+01
2.310677327161118e-01	-3.018874e+01	3.018874e+01
2.320442952161118e-01	-3.018874e+01	3.018874e+01
2.330208577161118e-01	-3.018874e+01	3.018874e+01
2.339974202161118e-01	-3.018874e+01	3.018874e+01
2.343495675121490e-01	-3.018874e+01	3.018874e+01
2.346834084553375e-01	-3.018922e+01	3.018922e+01
2.350447860085832e-01	-3.019072e+01	3.019072e+01
2.353729249592587e-01	-3.019195e+01	3.019195e+01
2.359067049550196e-01	-3.019250e+01	3.019250e+01
2.367687314970573e-01	-3.019250e+01	3.019250e+01
2.377452939970573e-01	-3.019250e+01	3.019250e+01
2.387218564970573e-01	-3.019250e+01	3.019250e+01
2.396984189970573e-01	-3.019250e+01	3.019250e+01
2.406749814970573e-01	-3.019250e+01	3.019250e+01
2.416515439970573e-01	-3.019250e+01	3.019250e+01
2.426281064970573e-01	-3.019250e+01	3.019250e+01
2.436046689970573e-01	-3.019250e+01	3.019250e+01
2.441670306490621e-01	-3.019250e+01	3.019250e+01
2.444768023257472e-01	-3.019263e+01	3.019263e+01
2.448373288584564e-01	-3.019308e+01	3.019308e+01
2.452394936671667e-01	-3.019362e+01	3.019362e+01
2.456898300418786e-01	-3.019387e+01	3.019387e+01
2.464198782265904e-01	-3.019390e+01	3.019390e+01
2.473964407265904e-01	-3.019390e+01	3.019390e+01
2.483730032265904e-01	-3.019390e+01	3.019390e+01
2.493495657265904e-01	-3.019390e+01	3.019390e+01
2.503261282265904e-01	-3.019390e+01	3.019390e+01
2.513026907265904e-01	-3.019390e+01	3.019390e+01
2.522792532265904e-01	-3.019390e+01	3.019390e+01
2.532558157265904e-01	-3.019390e+01	3.019390e+01
2.540334654088844e-01	-3.019390e+01	3.019390e+01
2.543765221304947e-01	-3.019391e+01	3.019391e+01
2.547158746824380e-01	-3.019414e+01	3.019414e+01
2.551377926947023e-01	-3.019491e+01	3.019491e+01
2.555243433606987e-01	-3.019572e+01	3.019572e+01
2.556028391990127e-01	-3.019579e+01	3.019579e+01
2.557598308756405e-01	-3.019579e+01	3.019579e+01
2.560738142288961e-01	-3.019579e+01	3.019579e+01
2.567017809354074e-01	-3.019579e+01	3.019579e+01
2.576783434354074e-01	-3.019579e+01	3.019579e+01
2.586549059354074e-01	-3.019579e+01	3.019579e+01
2.596314684354074e-01	-3.019579e+01	3.019579e+01
2.606080309354074e-01	-3.019579e+01	3.019579e+01
2.615845934354074e-01	-3.019579e+01	3.019579e+01
2.625611559354074e-01	-3.019579e+01	3.019579e+01
2.635377184354074e-01	-3.019579e+01	3.019579e+01
2.641417217422979e-01	-3.019579e+01	3.019579e+01
2.644577543216703e-01	-3.019587e+01	3.019587e+01
2.648141820766542e-01	-3.019614e+01	3.019614e+01
2.652308686206760e-01	-3.019652e+01	3.019652e+01
2.656758005054061e-01	-3.019671e+01	3.019671e+01
2.663972357175002e-01	-3.019675e+01	3.019675e+01
2.673737982175002e-01	-3.019675e+01	3.019675e+01
2.683503607175002e-01	-3.019675e+01	3.019675e+01
2.693269232175002e-01	-3.019675e+01	3.019675e+01
2.703034857175002e-01	-3.019675e+01	3.019675e+01
2.712800482175002e-01	-3.019675e+01	3.019675e+01
2.722566107175002e-01	-3.019675e+01	3.019675e+01
2.732331732175002e-01	-3.019675e+01	3.019675e+01
2.740246257238454e-01	-3.019675e+01	3.019675e+01
2.743699073731692e-01	-3.019675e+01	3.019675e+01
2.747078999314752e-01	-3.019699e+01	3.019699e+01
2.751279461110865e-01	-3.019777e+01	3.019777e+01
2.755083153777703e-01	-3.019839e+01	3.019839e+01
2.761263436155554e-01	-3.019867e+01	3.019867e+01
2.762484139280554e-01	-3.019867e+01	3.019867e+01
2.764925545530554e-01	-3.019867e+01	3.019867e+01
2.769808358030554e-01	-3.019867e+01	3.019867e+01
2.779129932396104e-01	-3.019867e+01	3.019867e+01
2.788895557396104e-01	-3.019867e+01	3.019867e+01
2.798661182396104e-01	-3.019867e+01	3.019867e+01
2.808426807396104e-01	-3.019867e+01	3.019867e+01
2.818192432396104e-01	-3.019867e+01	3.019867e+01
2.827958057396104e-01	-3.019867e+01	3.019867e+01
2.837723682396104e-01	-3.019867e+01	3.019867e+01
2.842299561872705e-01	-3.019867e+01	3.019867e+01
2.845356635147573e-01	-3.019893e+01	3.019893e+01
2.849150502430051e-01	-3.019987e+01	3.019987e+01
2.852684194137362e-01	-3.020070e+01	3.020070e+01
2.857368724960810e-01	-3.020104e+01	3.020104e+01
2.864957389219360e-01	-3.020106e+01	3.020106e+01
2.874723014219360e-01	-3.020106e+01	3.020106e+01
2.884488639219360e-01	-3.020106e+01	3.020106e+01
2.894254264219360e-01	-3.020106e+01	3.020106e+01
2.904019889219360e-01	-3.020106e+01	3.020106e+01
2.913785514219360e-01	-3.020106e+01	3.020106e+01
2.923551139219360e-01	-3.020106e+01	3.020106e+01
2.933316764219360e-01	-3.020106e+01	3.020106e+01
2.940629094525126e-01	-3.020106e+01	3.020106e+01
2.943985755627535e-01	-3.020107e+01	3.020107e+01
2.947424963874280e-01	-3.020115e+01	3.020115e+01
2.952041142636400e-01	-3.020140e+01	3.020140e+01
2.956322751641235e-01	-3.020157e+01	3.020157e+01
2.963269380727784e-01	-3.020164e+01	3.020164e+01
2.973035005727784e-01	-3.020164e+01	3.020164e+01
2.982800630727784e-01	-3.020164e+01	3.020164e+01
2.992566255727784e-01	-3.020164e+01	3.020164e+01
3.002331880727784e-01	-3.020164e+01	3.020164e+01
3.012097505727784e-01	-3.020164e+01	3.020164e+01
3.021863130727784e-01	-3.020164e+01	3.020164e+01
3.031628755727784e-01	-3.020164e+01	3.020164e+01
3.039970198043307e-01	-3.020164e+01	3.020164e+01
3.043492683552931e-01	-3.020164e+01	3.020164e+01
3.046830485820550e-01	-3.020197e+01	3.020197e+01
3.050441469908465e-01	-3.020297e+01	3.020297e+01
3.053718844740134e-01	-3.020380e+01	3.020380e+01
3.059050151827207e-01	-3.020417e+01	3.020417e+01
3.067660227133686e-01	-3.020417e+01	3.020417e+01
3.077425852133686e-01	-3.020417e+01	3.020417e+01
3.087191477133686e-01	-3.020417e+01	3.020417e+01
3.096957102133686e-01	-3.020417e+01	3.020417e+01
3.106722727133686e-01	-3.020417e+01	3.020417e+01
3.116488352133686e-01	-3.020417e+01	3.020417e+01
3.126253977133686e-01	-3.020417e+01	3.020417e+01
3.136019602133686e-01	-3.020417e+01	3.020417e+01
3.141660090414340e-01	-3.020417e+01	3.020417e+01
3.144760330429333e-01	-3.020426e+01	3.020426e+01
3.148363933776588e-01	-3.020459e+01	3.020459e+01
3.152391451944879e-01	-3.020497e+01	3.020497e+01
3.156892632359011e-01	-3.020515e+01	3.020515e+01
3.164189636095355e-01	-3.020518e+01	3.020518e+01
3.173955261095355e-01	-3.020518e+01	3.020518e+01
3.183720886095355e-01	-3.020518e+01	3.020518e+01
3.193486511095355e-01	-3.020518e+01	3.020518e+01
3.203252136095355e-01	-3.020518e+01	3.020518e+01
3.213017761095355e-01	-3.020518e+01	3.020518e+01
3.222783386095355e-01	-3.020518e+01	3.020518e+01
3.232549011095355e-01	-3.020518e+01	3.020518e+01
3.240331088135043e-01	-3.020518e+01	3.020518e+01
3.243762552341258e-01	-3.020518e+01	3.020518e+01
3.247155528198650e-01	-3.020533e+01	3.020533e+01
3.251373953003697e-01	-3.020582e+01	3.020582e+01
3.255236965093829e-01	-3.020622e+01	3.020622e+01
3.261512622822384e-01	-3.020640e+01	3.020640e+01
3.271278247822384e-01	-3.020640e+01	3.020640e+01
3.281043872822384e-01	-3.020640e+01	3.020640e+01
3.290809497822384e-01	-3.020640e+01	3.020640e+01
3.300575122822384e-01	-3.020640e+01	3.020640e+01
3.310340747822384e-01	-3.020640e+01	3.020640e+01
3.320106372822384e-01	-3.020640e+01	3.020640e+01
3.329871997822384e-01	-3.020640e+01	3.020640e+01
3.339637622822384e-01	-3.020640e+01	3.020640e+01
3.343244421318864e-01	-3.020640e+01	3.020640e+01
3.346531730895988e-01	-3.020671e+01	3.020671e+01
3.349910901699122e-01	-3.020765e+01	3.020765e+01
3.352966883739516e-01	-3.020845e+01	3.020845e+01
3.357828333775565e-01	-3.020881e+01	3.020881e+01
3.365697587277893e-01	-3.020881e+01	3.020881e+01
3.375463212277893e-01	-3.020881e+01	3.020881e+01
3.385228837277893e-01	-3.020881e+01	3.020881e+01
3.394994462277893e-01	-3.020881e+01	3.020881e+01
3.404760087277893e-01	-3.020881e+01	3.020881e+01
3.414525712277893e-01	-3.020881e+01	3.020881e+01
3.415746415402893e-01	-3.020881e+01	3.020881e+01
3.418187821652893e-01	-3.020881e+01	3.020881e+01
3.423070634152893e-01	-3.020881e+01	3.020881e+01
3.430900759702663e-01	-3.020881e+01	3.020881e+01
3.439681565243119e-01	-3.020881e+01	3.020881e+01
3.443277199389752e-01	-3.020881e+01	3.020881e+01
3.446571535690210e-01	-3.020905e+01	3.020905e+01
3.449583096365506e-01	-3.020972e+01	3.020972e+01
3.452845037155447e-01	-3.021042e+01	3.021042e+01
3.457630247587816e-01	-3.021073e+01	3.021073e+01
3.465378691367574e-01	-3.021074e+01	3.021074e+01
3.475144316367574e-01	-3.021074e+01	3.021074e+01
3.484909941367574e-01	-3.021074e+01	3.021074e+01
3.494675566367574e-01	-3.021074e+01	3.021074e+01
3.504441191367574e-01	-3.021074e+01	3.021074e+01
3.514206816367574e-01	-3.021074e+01	3.021074e+01
3.523972441367574e-01	-3.021074e+01	3.021074e+01
3.533738066367574e-01	-3.021074e+01	3.021074e+01
3.540791541082458e-01	-3.021074e+01	3.021074e+01
3.544107559225666e-01	-3.021075e+01	3.021075e+01
3.547572218979287e-01	-3.021082e+01	3.021082e+01
3.552096160251638e-01	-3.021098e+01	3.021098e+01
3.556412264864508e-01	-3.021110e+01	3.021110e+01
3.563414015177921e-01	-3.021114e+01	3.021114e+01
3.573179640177921e-01	-3.021114e+01	3.021114e+01
3.582945265177921e-01	-3.021114e+01	3.021114e+01
3.592710890177921e-01	-3.021114e+01	3.021114e+01
3.602476515177921e-01	-3.021114e+01	3.021114e+01
3.612242140177921e-01	-3.021114e+01	3.021114e+01
3.622007765177921e-01	-3.021114e+01	3.021114e+01
3.631773390177921e-01	-3.021114e+01	3.021114e+01
3.640027202097624e-01	-3.021114e+01	3.021114e+01
3.641342730659120e-01	-3.021114e+01	3.021114e+01
3.643096768741115e-01	-3.021114e+01	3.021114e+01
3.646604844905104e-01	-3.021138e+01	3.021138e+01
3.649630455526321e-01	-3.021202e+01	3.021202e+01
3.652862641951202e-01	-3.021267e+01	3.021267e+01
3.657658869375650e-01	-3.021296e+01	3.021296e+01
3.665424780620131e-01	-3.021297e+01	3.021297e+01
3.675190405620131e-01	-3.021297e+01	3.021297e+01
3.684956030620131e-01	-3.021297e+01	3.021297e+01
3.694721655620131e-01	-3.021297e+01	3.021297e+01
3.704487280620131e-01	-3.021297e+01	3.021297e+01
3.714252905620131e-01	-3.021297e+01	3.021297e+01
3.724018530620131e-01	-3.021297e+01	3.021297e+01
3.733784155620131e-01	-3.021297e+01	3.021297e+01
3.740809268364602e-01	-3.021297e+01	3.021297e+01
3.744120856865841e-01	-3.021298e+01	3.021298e+01
3.747588304563674e-01	-3.021304e+01	3.021304e+01
3.752102168154040e-01	-3.021319e+01	3.021319e+01
3.756422039437760e-01	-3.021330e+01	3.021330e+01
3.763429806913752e-01	-3.021334e+01	3.021334e+01
3.773195431913752e-01	-3.021334e+01	3.021334e+01
3.782961056913752e-01	-3.021334e+01	3.021334e+01
3.792726681913752e-01	-3.021334e+01	3.021334e+01
3.802492306913752e-01	-3.021334e+01	3.021334e+01
3.812257931913752e-01	-3.021334e+01	3.021334e+01
3.822023556913752e-01	-3.021334e+01	3.021334e+01
3.831789181913752e-01	-3.021334e+01	3.021334e+01
3.840033419414903e-01	-3.021334e+01	3.021334e+01
3.843539924716761e-01	-3.021334e+01	3.021334e+01
3.846887326752818e-01	-3.021356e+01	3.021356e+01
3.850542398149880e-01	-3.021425e+01	3.021425e+01
3.853883180466351e-01	-3.021483e+01	3.021483e+01
3.859317007322391e-01	-3.021508e+01	3.021508e+01
3.868087822379996e-01	-3.021508e+01	3.021508e+01
3.877853447379996e-01	-3.021508e+01	3.021508e+01
3.887619072379996e-01	-3.021508e+01	3.021508e+01
3.897384697379996e-01	-3.021508e+01	3.021508e+01
3.907150322379996e-01	-3.021508e+01	3.021508e+01
3.916915947379996e-01	-3.021508e+01	3.021508e+01
3.926681572379996e-01	-3.021508e+01	3.021508e+01
3.936447197379996e-01	-3.021508e+01	3.021508e+01
3.941821141191466e-01	-3.021508e+01	3.021508e+01
3.944881642196892e-01	-3.021516e+01	3.021516e+01
3.948511517961208e-01	-3.021544e+01	3.021544e+01
3.952446417999335e-01	-3.021576e+01	3.021576e+01
3.956982034925381e-01	-3.021589e+01	3.021589e+01
3.964333883116261e-01	-3.021591e+01	3.021591e+01
3.974099508116261e-01	-3.021591e+01	3.021591e+01
3.983865133116261e-01	-3.021591e+01	3.021591e+01
3.993630758116261e-01	-3.021591e+01	3.021591e+01
4.003396383116261e-01	-3.021591e+01	3.021591e+01
4.013162008116261e-01	-3.021591e+01	3.021591e+01
4.022927633116261e-01	-3.021591e+01	3.021591e+01
4.032693258116261e-01	-3.021591e+01	3.021591e+01
4.040387282181920e-01	-3.021591e+01	3.021591e+01
4.043804616552093e-01	-3.021591e+01	3.021591e+01
4.047206264345262e-01	-3.021601e+01	3.021601e+01
4.051436593917369e-01	-3.021632e+01	3.021632e+01
4.055338926098573e-01	-3.021658e+01	3.021658e+01
4.061677765808973e-01	-3.021669e+01	3.021669e+01
4.071443390808973e-01	-3.021669e+01	3.021669e+01
4.081209015808973e-01	-3.021669e+01	3.021669e+01
4.090974640808973e-01	-3.021669e+01	3.021669e+01
4.100740265808973e-01	-3.021669e+01	3.021669e+01
4.110505890808973e-01	-3.021669e+01	3.021669e+01
4.120271515808973e-01	-3.021669e+01	3.021669e+01
4.130037140808973e-01	-3.021669e+01	3.021669e+01
4.139802765808973e-01	-3.021669e+01	3.021669e+01
4.143367645277583e-01	-3.021669e+01	3.021669e+01
4.146680160844046e-01	-3.021691e+01	3.021691e+01
4.149789815392106e-01	-3.021754e+01	3.021754e+01
4.152921877316429e-01	-3.021814e+01	3.021814e+01
4.157755169878518e-01	-3.021840e+01	3.021840e+01
4.165579823557325e-01	-3.021841e+01	3.021841e+01
4.175345448557325e-01	-3.021841e+01	3.021841e+01
4.185111073557325e-01	-3.021841e+01	3.021841e+01
4.194876698557325e-01	-3.021841e+01	3.021841e+01
4.204642323557325e-01	-3.021841e+01	3.021841e+01
4.214407948557325e-01	-3.021841e+01	3.021841e+01
4.224173573557325e-01	-3.021841e+01	3.021841e+01
4.233939198557325e-01	-3.021841e+01	3.021841e+01
4.240868840841102e-01	-3.021841e+01	3.021841e+01
4.244165551551784e-01	-3.021842e+01	3.021842e+01
4.247642383150058e-01	-3.021847e+01	3.021847e+01
4.252122363473240e-01	-3.021858e+01	3.021858e+01
4.256454895922146e-01	-3.021866e+01	3.021866e+01
4.263482886858865e-01	-3.021869e+01	3.021869e+01
4.273248511858865e-01	-3.021869e+01	3.021869e+01
4.283014136858865e-01	-3.021869e+01	3.021869e+01
4.292779761858865e-01	-3.021869e+01	3.021869e+01
4.302545386858865e-01	-3.021869e+01	3.021869e+01
4.312311011858865e-01	-3.021869e+01	3.021869e+01
4.322076636858865e-01	-3.021869e+01	3.021869e+01
4.331842261858865e-01	-3.021869e+01	3.021869e+01
4.340054307914893e-01	-3.021869e+01	3.021869e+01
4.343555536603795e-01	-3.021869e+01	3.021869e+01
4.346906116606437e-01	-3.021889e+01	3.021889e+01
4.350575760600827e-01	-3.021951e+01	3.021951e+01
4.353937501929218e-01	-3.022003e+01	3.022003e+01
4.359405202743237e-01	-3.022026e+01	3.022026e+01
4.368229053474585e-01	-3.022026e+01	3.022026e+01
4.377994678474585e-01	-3.022026e+01	3.022026e+01
4.387760303474585e-01	-3.022026e+01	3.022026e+01
4.397525928474585e-01	-3.022026e+01	3.022026e+01
4.407291553474585e-01	-3.022026e+01	3.022026e+01
4.417057178474585e-01	-3.022026e+01	3.022026e+01
4.426822803474585e-01	-3.022026e+01	3.022026e+01
4.436588428474585e-01	-3.022026e+01	3.022026e+01
4.441874238428591e-01	-3.022026e+01	3.022026e+01
4.444921655715856e-01	-3.022033e+01	3.022033e+01
4.448560226855076e-01	-3.022056e+01	3.022056e+01
4.452464554565295e-01	-3.022081e+01	3.022081e+01
4.457011533142228e-01	-3.022092e+01	3.022092e+01
4.464381469651736e-01	-3.022093e+01	3.022093e+01
4.474147094651736e-01	-3.022093e+01	3.022093e+01
4.483912719651736e-01	-3.022093e+01	3.022093e+01
4.493678344651736e-01	-3.022093e+01	3.022093e+01
4.503443969651736e-01	-3.022093e+01	3.022093e+01
4.513209594651736e-01	-3.022093e+01	3.022093e+01
4.522975219651736e-01	-3.022093e+01	3.022093e+01
4.532740844651736e-01	-3.022093e+01	3.022093e+01
4.540405799146702e-01	-3.022093e+01	3.022093e+01
4.543818479986099e-01	-3.022093e+01	3.022093e+01
4.547222990051034e-01	-3.022102e+01	3.022102e+01
4.551457243444808e-01	-3.022130e+01	3.022130e+01
4.551946655102259e-01	-3.022133e+01	3.022133e+01
4.552925478417160e-01	-3.022136e+01	3.022136e+01
4.554883125046963e-01	-3.022137e+01	3.022137e+01
4.558798418306571e-01	-3.022137e+01	3.022137e+01
4.566629004825784e-01	-3.022137e+01	3.022137e+01
4.576394629825784e-01	-3.022137e+01	3.022137e+01
4.586160254825784e-01	-3.022137e+01	3.022137e+01
4.595925879825784e-01	-3.022137e+01	3.022137e+01
4.605691504825784e-01	-3.022137e+01	3.022137e+01
4.615457129825784e-01	-3.022137e+01	3.022137e+01
4.616677832950784e-01	-3.022137e+01	3.022137e+01
4.619119239200784e-01	-3.022137e+01	3.022137e+01
4.624002051700784e-01	-3.022137e+01	3.022137e+01
4.631557051118257e-01	-3.022137e+01	3.022137e+01
4.639941896686630e-01	-3.022137e+01	3.022137e+01
4.643471540677578e-01	-3.022137e+01	3.022137e+01
4.646805054701820e-01	-3.022155e+01	3.022155e+01
4.650396311865587e-01	-3.022211e+01	3.022211e+01
4.653645315521343e-01	-3.022258e+01	3.022258e+01
4.658930731601278e-01	-3.022279e+01	3.022279e+01
4.667468746047564e-01	-3.022279e+01	3.022279e+01
4.677234371047564e-01	-3.022279e+01	3.022279e+01
4.686999996047564e-01	-3.022279e+01	3.022279e+01
4.696765621047564e-01	-3.022279e+01	3.022279e+01
4.706531246047564e-01	-3.022279e+01	3.022279e+01
4.716296871047564e-01	-3.022279e+01	3.022279e+01
4.726062496047564e-01	-3.022279e+01	3.022279e+01
4.735828121047564e-01	-3.022279e+01	3.022279e+01
4.741587818800667e-01	-3.022279e+01	3.022279e+01
4.744705918586990e-01	-3.022283e+01	3.022283e+01
4.748297782462586e-01	-3.022298e+01	3.022298e+01
4.752366807588398e-01	-3.022316e+01	3.022316e+01
4.756852546728647e-01	-3.022325e+01	3.022325e+01
4.764124948700724e-01	-3.022326e+01	3.022326e+01
4.765345651825724e-01	-3.022326e+01	3.022326e+01
4.767787058075724e-01	-3.022326e+01	3.022326e+01
4.772669870575724e-01	-3.022326e+01	3.022326e+01
4.779716917648330e-01	-3.022326e+01	3.022326e+01
4.789482542648330e-01	-3.022326e+01	3.022326e+01
4.799248167648330e-01	-3.022326e+01	3.022326e+01
4.809013792648330e-01	-3.022326e+01	3.022326e+01
4.818779417648330e-01	-3.022326e+01	3.022326e+01
4.820000120773330e-01	-3.022326e+01	3.022326e+01
4.822441527023330e-01	-3.022326e+01	3.022326e+01
4.827324339523330e-01	-3.022326e+01	3.022326e+01
4.834171335204160e-01	-3.022326e+01	3.022326e+01
4.841367174270433e-01	-3.022326e+01	3.022326e+01
4.842185799596660e-01	-3.022326e+01	3.022326e+01
4.843823050249114e-01	-3.022326e+01	3.022326e+01
4.847097551554021e-01	-3.022335e+01	3.022335e+01
4.851302368661246e-01	-3.022364e+01	3.022364e+01
4.855120442731287e-01	-3.022387e+01	3.022387e+01
4.861323854154476e-01	-3.022397e+01	3.022397e+01
4.871089479154476e-01	-3.022397e+01	3.022397e+01
4.880855104154476e-01	-3.022397e+01	3.022397e+01
4.890620729154476e-01	-3.022397e+01	3.022397e+01
4.900386354154476e-01	-3.022397e+01	3.022397e+01
4.910151979154476e-01	-3.022397e+01	3.022397e+01
4.919917604154476e-01	-3.022397e+01	3.022397e+01
4.929683229154476e-01	-3.022397e+01	3.022397e+01
4.939448854154476e-01	-3.022397e+01	3.022397e+01
4.943103697944598e-01	-3.022397e+01	3.022397e+01
4.946356874361561e-01	-3.022414e+01	3.022414e+01
4.949600304338241e-01	-3.022464e+01	3.022464e+01
4.952851433929639e-01	-3.022512e+01	3.022512e+01
4.957640647494259e-01	-3.022532e+01	3.022532e+01
4.965395438631879e-01	-3.022533e+01	3.022533e+01
4.966616141756879e-01	-3.022533e+01	3.022533e+01
4.969057548006879e-01	-3.022533e+01	3.022533e+01
4.973940360506879e-01	-3.022533e+01	3.022533e+01
4.980653725101764e-01	-3.022533e+01	3.022533e+01
4.990419350101764e-01	-3.022533e+01	3.022533e+01
5.000184975101765e-01	-3.022533e+01	3.022533e+01
5.009950600101765e-01	-3.022533e+01	3.022533e+01
5.019716225101765e-01	-3.022533e+01	3.022533e+01
5.029481850101765e-01	-3.022533e+01	3.022533e+01
5.039247475101765e-01	-3.022533e+01	3.022533e+01
5.042953728116533e-01	-3.022533e+01	3.022533e+01
5.046170469653982e-01	-3.022545e+01	3.022545e+01
5.049269148784860e-01	-3.022580e+01	3.022580e+01
5.052728315800219e-01	-3.022618e+01	3.022618e+01
5.057440468946820e-01	-3.022634e+01	3.022634e+01
5.065072997104292e-01	-3.022634e+01	3.022634e+01
5.074838622104292e-01	-3.022634e+01	3.022634e+01
5.084604247104292e-01	-3.022634e+01	3.022634e+01
5.094369872104292e-01	-3.022634e+01	3.022634e+01
5.104135497104292e-01	-3.022634e+01	3.022634e+01
5.113901122104292e-01	-3.022634e+01	3.022634e+01
5.123666747104292e-01	-3.022634e+01	3.022634e+01
5.133432372104292e-01	-3.022634e+01	3.022634e+01
5.140673744143749e-01	-3.022634e+01	3.022634e+01
5.144019224977917e-01	-3.022635e+01	3.022635e+01
5.147465411388142e-01	-3.022638e+01	3.022638e+01
5.152056258043239e-01	-3.022648e+01	3.022648e+01
5.156347344673996e-01	-3.022654e+01	3.022654e+01
5.163309120998911e-01	-3.022657e+01	3.022657e+01
5.173074745998911e-01	-3.022657e+01	3.022657e+01
5.182840370998911e-01	-3.022657e+01	3.022657e+01
5.192605995998911e-01	-3.022657e+01	3.022657e+01
5.202371620998911e-01	-3.022657e+01	3.022657e+01
5.212137245998911e-01	-3.022657e+01	3.022657e+01
5.221902870998911e-01	-3.022657e+01	3.022657e+01
5.231668495998911e-01	-3.022657e+01	3.022657e+01
5.239985871589340e-01	-3.022657e+01	3.022657e+01
5.243504393963392e-01	-3.022657e+01	3.022657e+01
5.246844573534309e-01	-3.022672e+01	3.022672e+01
5.250466484966806e-01	-3.022719e+01	3.022719e+01
5.253759575624274e-01	-3.022757e+01	3.022757e+01
5.259116298305226e-01	-3.022775e+01	3.022775e+01
5.267766253972967e-01	-3.022775e+01	3.022775e+01
5.277531878972967e-01	-3.022775e+01	3.022775e+01
5.287297503972967e-01	-3.022775e+01	3.022775e+01
5.297063128972967e-01	-3.022775e+01	3.022775e+01
5.306828753972967e-01	-3.022775e+01	3.022775e+01
5.316594378972967e-01	-3.022775e+01	3.022775e+01
5.326360003972967e-01	-3.022775e+01	3.022775e+01
5.336125628972967e-01	-3.022775e+01	3.022775e+01
5.341700067248126e-01	-3.022775e+01	3.022775e+01
5.344790435363841e-01	-3.022779e+01	3.022779e+01
5.348400545807211e-01	-3.022794e+01	3.022794e+01
5.352405089663023e-01	-3.022811e+01	3.022811e+01
5.356914814598264e-01	-3.022819e+01	3.022819e+01
5.364225429319622e-01	-3.022820e+01	3.022820e+01
5.373991054319622e-01	-3.022820e+01	3.022820e+01
5.383756679319622e-01	-3.022820e+01	3.022820e+01
5.393522304319622e-01	-3.022820e+01	3.022820e+01
5.403287929319622e-01	-3.022820e+01	3.022820e+01
5.413053554319622e-01	-3.022820e+01	3.022820e+01
5.422819179319622e-01	-3.022820e+01	3.022820e+01
5.432584804319622e-01	-3.022820e+01	3.022820e+01
5.440345041126259e-01	-3.022820e+01	3.022820e+01
5.443772995821246e-01	-3.022820e+01	3.022820e+01
5.447168122911096e-01	-3.022827e+01	3.022827e+01
5.451389503252797e-01	-3.022848e+01	3.022848e+01
5.455262276648767e-01	-3.022866e+01	3.022866e+01
5.461553622301736e-01	-3.022873e+01	3.022873e+01
5.471319247301736e-01	-3.022873e+01	3.022873e+01
5.481084872301736e-01	-3.022873e+01	3.022873e+01
5.490850497301736e-01	-3.022873e+01	3.022873e+01
5.500616122301736e-01	-3.022873e+01	3.022873e+01
5.510381747301736e-01	-3.022873e+01	3.022873e+01
5.520147372301736e-01	-3.022873e+01	3.022873e+01
5.529912997301736e-01	-3.022873e+01	3.022873e+01
5.539678622301736e-01	-3.022873e+01	3.022873e+01
5.543275003921997e-01	-3.022873e+01	3.022873e+01
5.546568900120042e-01	-3.022887e+01	3.022887e+01
5.549583401996577e-01	-3.022927e+01	3.022927e+01
5.552845150769311e-01	-3.022967e+01	3.022967e+01
5.557630432302416e-01	-3.022985e+01	3.022985e+01
5.558599001867509e-01	-3.022985e+01	3.022985e+01
5.560536140997694e-01	-3.022985e+01	3.022985e+01
5.564410419258065e-01	-3.022985e+01	3.022985e+01
5.572158975778805e-01	-3.022985e+01	3.022985e+01
5.581924600778805e-01	-3.022985e+01	3.022985e+01
5.591690225778805e-01	-3.022985e+01	3.022985e+01
5.601455850778805e-01	-3.022985e+01	3.022985e+01
5.611221475778805e-01	-3.022985e+01	3.022985e+01
5.620987100778805e-01	-3.022985e+01	3.022985e+01
5.630752725778805e-01	-3.022985e+01	3.022985e+01
5.640518350778805e-01	-3.022985e+01	3.022985e+01
5.643902772665864e-01	-3.022985e+01	3.022985e+01
5.647324730410670e-01	-3.022988e+01	3.022988e+01
5.652003673634443e-01	-3.022996e+01	3.022996e+01
5.656261787674526e-01	-3.023001e+01	3.023001e+01
5.663170857949305e-01	-3.023004e+01	3.023004e+01
5.672936482949305e-01	-3.023004e+01	3.023004e+01
5.682702107949305e-01	-3.023004e+01	3.023004e+01
5.692467732949305e-01	-3.023004e+01	3.023004e+01
5.702233357949305e-01	-3.023004e+01	3.023004e+01
5.711998982949305e-01	-3.023004e+01	3.023004e+01
5.721764607949305e-01	-3.023004e+01	3.023004e+01
5.731530232949305e-01	-3.023004e+01	3.023004e+01
5.739931304715309e-01	-3.023004e+01	3.023004e+01
5.743463628591313e-01	-3.023004e+01	3.023004e+01
5.746795539169938e-01	-3.023019e+01	3.023019e+01
5.750379414838755e-01	-3.023065e+01	3.023065e+01
5.753617802567719e-01	-3.023103e+01	3.023103e+01
5.758886044132930e-01	-3.023120e+01	3.023120e+01
5.767397073055717e-01	-3.023120e+01	3.023120e+01
5.777162698055717e-01	-3.023120e+01	3.023120e+01
5.786928323055717e-01	-3.023120e+01	3.023120e+01
5.796693948055717e-01	-3.023120e+01	3.023120e+01
5.806459573055717e-01	-3.023120e+01	3.023120e+01
5.816225198055717e-01	-3.023120e+01	3.023120e+01
5.825990823055717e-01	-3.023120e+01	3.023120e+01
5.835756448055717e-01	-3.023120e+01	3.023120e+01
5.841560741469078e-01	-3.023120e+01	3.023120e+01
5.844685536935722e-01	-3.023123e+01	3.023123e+01
5.848273010591585e-01	-3.023132e+01	3.023132e+01
5.852357577767435e-01	-3.023144e+01	3.023144e+01
5.856837533601678e-01	-3.023151e+01	3.023151e+01
5.857745431878635e-01	-3.023151e+01	3.023151e+01
5.859561228432550e-01	-3.023151e+01	3.023151e+01
5.863192821540381e-01	-3.023151e+01	3.023151e+01
5.870456007756042e-01	-3.023151e+01	3.023151e+01
5.880221632756042e-01	-3.023151e+01	3.023151e+01
5.889987257756042e-01	-3.023151e+01	3.023151e+01
5.899752882756042e-01	-3.023151e+01	3.023151e+01
5.909518507756042e-01	-3.023151e+01	3.023151e+01
5.919284132756042e-01	-3.023151e+01	3.023151e+01
5.929049757756042e-01	-3.023151e+01	3.023151e+01
5.938815382756042e-01	-3.023151e+01	3.023151e+01
5.942706666603820e-01	-3.023151e+01	3.023151e+01
5.945863249357404e-01	-3.023159e+01	3.023159e+01
5.949003225080536e-01	-3.023184e+01	3.023184e+01
5.952629414880909e-01	-3.023212e+01	3.023212e+01
5.957279646707625e-01	-3.023224e+01	3.023224e+01
5.964813816572218e-01	-3.023224e+01	3.023224e+01
5.974579441572218e-01	-3.023224e+01	3.023224e+01
5.984345066572218e-01	-3.023224e+01	3.023224e+01
5.994110691572218e-01	-3.023224e+01	3.023224e+01
6.003876316572218e-01	-3.023224e+01	3.023224e+01
6.013641941572218e-01	-3.023224e+01	3.023224e+01
6.023407566572218e-01	-3.023224e+01	3.023224e+01
6.033173191572218e-01	-3.023224e+01	3.023224e+01
6.040573565174729e-01	-3.023224e+01	3.023224e+01
6.043944140686868e-01	-3.023225e+01	3.023225e+01
6.047374688906204e-01	-3.023227e+01	3.023227e+01
6.052022351026088e-01	-3.023234e+01	3.023234e+01
6.056292176958038e-01	-3.023239e+01	3.023239e+01
6.063219971328948e-01	-3.023241e+01	3.023241e+01
6.072985596328948e-01	-3.023241e+01	3.023241e+01
6.082751221328948e-01	-3.023241e+01	3.023241e+01
6.092516846328948e-01	-3.023241e+01	3.023241e+01
6.102282471328948e-01	-3.023241e+01	3.023241e+01
6.112048096328948e-01	-3.023241e+01	3.023241e+01
6.121813721328948e-01	-3.023241e+01	3.023241e+01
6.131579346328948e-01	-3.023241e+01	3.023241e+01
6.139950699382500e-01	-3.023241e+01	3.023241e+01
6.143478116516389e-01	-3.023241e+01	3.023241e+01
6.146812963724750e-01	-3.023255e+01	3.023255e+01
6.150410356042531e-01	-3.023298e+01	3.023298e+01
6.153668183206452e-01	-3.023332e+01	3.023332e+01
6.158967872768857e-01	-3.023348e+01	3.023348e+01
6.167528307433190e-01	-3.023348e+01	3.023348e+01
6.168749010558190e-01	-3.023348e+01	3.023348e+01
6.171190416808190e-01	-3.023348e+01	3.023348e+01
6.176073229308190e-01	-3.023348e+01	3.023348e+01
6.182423058571421e-01	-3.023348e+01	3.023348e+01
6.192188683571421e-01	-3.023348e+01	3.023348e+01
6.201954308571421e-01	-3.023348e+01	3.023348e+01
6.211719933571421e-01	-3.023348e+01	3.023348e+01
6.221485558571421e-01	-3.023348e+01	3.023348e+01
6.231251183571421e-01	-3.023348e+01	3.023348e+01
6.239820863121650e-01	-3.023348e+01	3.023348e+01
6.243381155212470e-01	-3.023348e+01	3.023348e+01
6.246696394316960e-01	-3.023360e+01	3.023360e+01
6.249824162589083e-01	-3.023395e+01	3.023395e+01
6.252934643930852e-01	-3.023427e+01	3.023427e+01
6.257775924074657e-01	-3.023442e+01	3.023442e+01
6.265613231859468e-01	-3.023442e+01	3.023442e+01
6.275378856859468e-01	-3.023442e+01	3.023442e+01
6.285144481859468e-01	-3.023442e+01	3.023442e+01
6.294910106859468e-01	-3.023442e+01	3.023442e+01
6.304675731859468e-01	-3.023442e+01	3.023442e+01
6.314441356859468e-01	-3.023442e+01	3.023442e+01
6.324206981859468e-01	-3.023442e+01	3.023442e+01
6.333972606859468e-01	-3.023442e+01	3.023442e+01
6.340881665097396e-01	-3.023442e+01	3.023442e+01
6.344175174653620e-01	-3.023442e+01	3.023442e+01
6.347654029358090e-01	-3.023446e+01	3.023446e+01
6.352126712116418e-01	-3.023452e+01	3.023452e+01
6.356461970814669e-01	-3.023457e+01	3.023457e+01
6.363494315850350e-01	-3.023459e+01	3.023459e+01
6.373259940850350e-01	-3.023459e+01	3.023459e+01
6.383025565850350e-01	-3.023459e+01	3.023459e+01
6.392791190850350e-01	-3.023459e+01	3.023459e+01
6.402556815850350e-01	-3.023459e+01	3.023459e+01
6.412322440850350e-01	-3.023459e+01	3.023459e+01
6.422088065850350e-01	-3.023459e+01	3.023459e+01
6.431853690850350e-01	-3.023459e+01	3.023459e+01
6.440058803655613e-01	-3.023459e+01	3.023459e+01
6.443558896895138e-01	-3.023459e+01	3.023459e+01
6.446910161277959e-01	-3.023470e+01	3.023470e+01
6.450582942058708e-01	-3.023504e+01	3.023504e+01
6.453949194882787e-01	-3.023532e+01	3.023532e+01
6.459424186290952e-01	-3.023545e+01	3.023545e+01
6.460528593855442e-01	-3.023545e+01	3.023545e+01
6.462737408984424e-01	-3.023545e+01	3.023545e+01
6.467155039242387e-01	-3.023545e+01	3.023545e+01
6.475990299758313e-01	-3.023545e+01	3.023545e+01
6.485755924758313e-01	-3.023545e+01	3.023545e+01
6.495521549758313e-01	-3.023545e+01	3.023545e+01
6.505287174758313e-01	-3.023545e+01	3.023545e+01
6.515052799758313e-01	-3.023545e+01	3.023545e+01
6.524818424758313e-01	-3.023545e+01	3.023545e+01
6.534584049758313e-01	-3.023545e+01	3.023545e+01
6.541115638751785e-01	-3.023545e+01	3.023545e+01
6.544350843608677e-01	-3.023546e+01	3.023546e+01
6.547866795043569e-01	-3.023550e+01	3.023550e+01
6.552206124183640e-01	-3.023557e+01	3.023557e+01
6.556591163423480e-01	-3.023562e+01	3.023562e+01
6.563702982178297e-01	-3.023563e+01	3.023563e+01
6.573468607178297e-01	-3.023563e+01	3.023563e+01
6.583234232178297e-01	-3.023563e+01	3.023563e+01
6.592999857178297e-01	-3.023563e+01	3.023563e+01
6.602765482178297e-01	-3.023563e+01	3.023563e+01
6.612531107178297e-01	-3.023563e+01	3.023563e+01
6.622296732178297e-01	-3.023563e+01	3.023563e+01
6.632062357178297e-01	-3.023563e+01	3.023563e+01
6.640140768174793e-01	-3.023563e+01	3.023563e+01
6.643620173548423e-01	-3.023563e+01	3.023563e+01
6.646983940050830e-01	-3.023573e+01	3.023573e+01
6.650713933465778e-01	-3.023603e+01	3.023603e+01
6.654162473483124e-01	-3.023629e+01	3.023629e+01
6.659770385189797e-01	-3.023640e+01	3.023640e+01
6.668813355366404e-01	-3.023640e+01	3.023640e+01
6.678578980366404e-01	-3.023640e+01	3.023640e+01
6.688344605366404e-01	-3.023640e+01	3.023640e+01
6.698110230366404e-01	-3.023640e+01	3.023640e+01
6.707875855366404e-01	-3.023640e+01	3.023640e+01
6.717641480366404e-01	-3.023640e+01	3.023640e+01
6.727407105366404e-01	-3.023640e+01	3.023640e+01
6.737172730366404e-01	-3.023640e+01	3.023640e+01
6.742093453648685e-01	-3.023640e+01	3.023640e+01
6.745099960598715e-01	-3.023646e+01	3.023646e+01
6.748799120619347e-01	-3.023666e+01	3.023666e+01
6.752553476411030e-01	-3.023686e+01	3.023686e+01
6.757156152737113e-01	-3.023694e+01	3.023694e+01
6.764614715447104e-01	-3.023695e+01	3.023695e+01
6.774380340447104e-01	-3.023695e+01	3.023695e+01
6.784145965447104e-01	-3.023695e+01	3.023695e+01
6.793911590447104e-01	-3.023695e+01	3.023695e+01
6.803677215447104e-01	-3.023695e+01	3.023695e+01
6.813442840447104e-01	-3.023695e+01	3.023695e+01
6.823208465447104e-01	-3.023695e+01	3.023695e+01
6.832974090447104e-01	-3.023695e+01	3.023695e+01
6.840496410632889e-01	-3.023695e+01	3.023695e+01
6.843886337579975e-01	-3.023695e+01	3.023695e+01
6.847304887470812e-01	-3.023697e+01	3.023697e+01
6.851996254046022e-01	-3.023703e+01	3.023703e+01
6.856249715420013e-01	-3.023707e+01	3.023707e+01
6.863151346489024e-01	-3.023709e+01	3.023709e+01
6.872916971489024e-01	-3.023709e+01	3.023709e+01
6.882682596489024e-01	-3.023709e+01	3.023709e+01
6.892448221489024e-01	-3.023709e+01	3.023709e+01
6.902213846489024e-01	-3.023709e+01	3.023709e+01
6.911979471489024e-01	-3.023709e+01	3.023709e+01
6.921745096489024e-01	-3.023709e+01	3.023709e+01
6.931510721489024e-01	-3.023709e+01	3.023709e+01
6.939923596156808e-01	-3.023709e+01	3.023709e+01
6.943457870648758e-01	-3.023709e+01	3.023709e+01
6.946788614781763e-01	-3.023721e+01	3.023721e+01
6.950367118886451e-01	-3.023758e+01	3.023758e+01
6.953597781371962e-01	-3.023788e+01	3.023788e+01
6.958853523964706e-01	-3.023801e+01	3.023801e+01
6.967344908027908e-01	-3.023801e+01	3.023801e+01
6.977110533027908e-01	-3.023801e+01	3.023801e+01
6.986876158027908e-01	-3.023801e+01	3.023801e+01
6.996641783027908e-01	-3.023801e+01	3.023801e+01
7.006407408027908e-01	-3.023801e+01	3.023801e+01
7.016173033027908e-01	-3.023801e+01	3.023801e+01
7.025938658027908e-01	-3.023801e+01	3.023801e+01
7.035704283027908e-01	-3.023801e+01	3.023801e+01
7.041932234173822e-01	-3.023801e+01	3.023801e+01
7.042714652277128e-01	-3.023801e+01	3.023801e+01
7.044279488483740e-01	-3.023802e+01	3.023802e+01
7.047409160896964e-01	-3.023804e+01	3.023804e+01
7.052035236290295e-01	-3.023809e+01	3.023809e+01
7.056313141833604e-01	-3.023813e+01	3.023813e+01
7.063253851446804e-01	-3.023815e+01	3.023815e+01
7.073019476446804e-01	-3.023815e+01	3.023815e+01
7.082785101446804e-01	-3.023815e+01	3.023815e+01
7.092550726446804e-01	-3.023815e+01	3.023815e+01
7.102316351446804e-01	-3.023815e+01	3.023815e+01
7.112081976446804e-01	-3.023815e+01	3.023815e+01
7.121847601446804e-01	-3.023815e+01	3.023815e+01
7.131613226446804e-01	-3.023815e+01	3.023815e+01
7.139964071041183e-01	-3.023815e+01	3.023815e+01
7.143488106045316e-01	-3.023815e+01	3.023815e+01
7.146824979464457e-01	-3.023826e+01	3.023826e+01
7.150431692368583e-01	-3.023861e+01	3.023861e+01
7.153702924368616e-01	-3.023889e+01	3.023889e+01
7.159024296290725e-01	-3.023902e+01	3.023902e+01
7.160098606310047e-01	-3.023902e+01	3.023902e+01
7.162784381358352e-01	-3.023902e+01	3.023902e+01
7.166544466425980e-01	-3.023902e+01	3.023902e+01
7.167618776445303e-01	-3.023902e+01	3.023902e+01
7.169767396483947e-01	-3.023902e+01	3.023902e+01
7.174064636561235e-01	-3.023902e+01	3.023902e+01
7.182659116715812e-01	-3.023902e+01	3.023902e+01
7.192424741715812e-01	-3.023902e+01	3.023902e+01
7.202190366715812e-01	-3.023902e+01	3.023902e+01
7.211955991715812e-01	-3.023902e+01	3.023902e+01
7.221721616715812e-01	-3.023902e+01	3.023902e+01
7.231487241715812e-01	-3.023902e+01	3.023902e+01
7.239914317106462e-01	-3.023902e+01	3.023902e+01
7.243450939917683e-01	-3.023902e+01	3.023902e+01
7.246780280520091e-01	-3.023912e+01	3.023912e+01
7.250352319245957e-01	-3.023944e+01	3.023944e+01
7.253573683436959e-01	-3.023970e+01	3.023970e+01
7.258814380818825e-01	-3.023982e+01	3.023982e+01
7.267282111598811e-01	-3.023982e+01	3.023982e+01
7.277047736598811e-01	-3.023982e+01	3.023982e+01
7.286813361598811e-01	-3.023982e+01	3.023982e+01
7.296578986598811e-01	-3.023982e+01	3.023982e+01
7.306344611598811e-01	-3.023982e+01	3.023982e+01
7.316110236598811e-01	-3.023982e+01	3.023982e+01
7.325875861598811e-01	-3.023982e+01	3.023982e+01
7.335641486598811e-01	-3.023982e+01	3.023982e+01
7.341517280406237e-01	-3.023982e+01	3.023982e+01
7.344652827875882e-01	-3.023984e+01	3.023984e+01
7.348233264190434e-01	-3.023991e+01	3.023991e+01
7.352342767167800e-01	-3.024000e+01	3.024000e+01
7.356813442580638e-01	-3.024004e+01	3.024004e+01
7.364061838624755e-01	-3.024005e+01	3.024005e+01
7.373827463624755e-01	-3.024005e+01	3.024005e+01
7.383593088624755e-01	-3.024005e+01	3.024005e+01
7.393358713624755e-01	-3.024005e+01	3.024005e+01
7.403124338624755e-01	-3.024005e+01	3.024005e+01
7.412889963624755e-01	-3.024005e+01	3.024005e+01
7.422655588624755e-01	-3.024005e+01	3.024005e+01
7.432421213624755e-01	-3.024005e+01	3.024005e+01
7.440281220322451e-01	-3.024005e+01	3.024005e+01
7.443725233276483e-01	-3.024005e+01	3.024005e+01
7.447110531549216e-01	-3.024010e+01	3.024010e+01
7.451318395566394e-01	-3.024025e+01	3.024025e+01
7.455146531106157e-01	-3.024038e+01	3.024038e+01
7.461366121632104e-01	-3.024043e+01	3.024043e+01
7.471131746632104e-01	-3.024043e+01	3.024043e+01
7.480897371632104e-01	-3.024043e+01	3.024043e+01
7.490662996632104e-01	-3.024043e+01	3.024043e+01
7.500428621632104e-01	-3.024043e+01	3.024043e+01
7.510194246632104e-01	-3.024043e+01	3.024043e+01
7.519959871632104e-01	-3.024043e+01	3.024043e+01
7.529725496632104e-01	-3.024043e+01	3.024043e+01
7.539491121632104e-01	-3.024043e+01	3.024043e+01
7.543135195444439e-01	-3.024043e+01	3.024043e+01
7.546396016353679e-01	-3.024053e+01	3.024053e+01
7.549669835945093e-01	-3.024084e+01	3.024084e+01
7.552877280419203e-01	-3.024111e+01	3.024111e+01
7.557682668104604e-01	-3.024124e+01	3.024124e+01
7.558655222146153e-01	-3.024124e+01	3.024124e+01
7.560600330229252e-01	-3.024124e+01	3.024124e+01
7.564490546395449e-01	-3.024124e+01	3.024124e+01
7.565463100436999e-01	-3.024124e+01	3.024124e+01
7.567408208520098e-01	-3.024124e+01	3.024124e+01
7.571298424686295e-01	-3.024124e+01	3.024124e+01
7.578624342261862e-01	-3.024124e+01	3.024124e+01
7.588389967261862e-01	-3.024124e+01	3.024124e+01
7.598155592261862e-01	-3.024124e+01	3.024124e+01
7.607921217261862e-01	-3.024124e+01	3.024124e+01
7.617686842261862e-01	-3.024124e+01	3.024124e+01
7.627452467261862e-01	-3.024124e+01	3.024124e+01
7.637218092261862e-01	-3.024124e+01	3.024124e+01
7.642110443623223e-01	-3.024124e+01	3.024124e+01
7.645121123731000e-01	-3.024128e+01	3.024128e+01
7.648838813448610e-01	-3.024145e+01	3.024145e+01
7.652568246666431e-01	-3.024160e+01	3.024160e+01
7.657180173400032e-01	-3.024167e+01	3.024167e+01
7.664653447658992e-01	-3.024167e+01	3.024167e+01
7.674419072658992e-01	-3.024167e+01	3.024167e+01
7.684184697658992e-01	-3.024167e+01	3.024167e+01
7.693950322658992e-01	-3.024167e+01	3.024167e+01
7.703715947658992e-01	-3.024167e+01	3.024167e+01
7.713481572658992e-01	-3.024167e+01	3.024167e+01
7.723247197658992e-01	-3.024167e+01	3.024167e+01
7.733012822658992e-01	-3.024167e+01	3.024167e+01
7.740511433633702e-01	-3.024167e+01	3.024167e+01
7.743897590933816e-01	-3.024167e+01	3.024167e+01
7.747318473923384e-01	-3.024169e+01	3.024169e+01
7.752001334305748e-01	-3.024175e+01	3.024175e+01
7.756257981409928e-01	-3.024179e+01	3.024179e+01
7.763164706236021e-01	-3.024180e+01	3.024180e+01
7.772930331236021e-01	-3.024180e+01	3.024180e+01
7.782695956236021e-01	-3.024180e+01	3.024180e+01
7.792461581236021e-01	-3.024180e+01	3.024180e+01
7.802227206236021e-01	-3.024180e+01	3.024180e+01
7.811992831236021e-01	-3.024180e+01	3.024180e+01
7.821758456236021e-01	-3.024180e+01	3.024180e+01
7.822601445469658e-01	-3.024180e+01	3.024180e+01
7.824287423936932e-01	-3.024180e+01	3.024180e+01
7.827659380871480e-01	-3.024180e+01	3.024180e+01
7.833390235000623e-01	-3.024180e+01	3.024180e+01
7.840657476647780e-01	-3.024180e+01	3.024180e+01
7.844007030048434e-01	-3.024181e+01	3.024181e+01
7.847450672526163e-01	-3.024182e+01	3.024182e+01
7.852050750367863e-01	-3.024187e+01	3.024187e+01
7.856338383622897e-01	-3.024191e+01	3.024191e+01
7.863294640967907e-01	-3.024192e+01	3.024192e+01
7.873060265967907e-01	-3.024192e+01	3.024192e+01
7.882825890967907e-01	-3.024192e+01	3.024192e+01
7.892591515967907e-01	-3.024192e+01	3.024192e+01
7.902357140967907e-01	-3.024192e+01	3.024192e+01
7.912122765967907e-01	-3.024192e+01	3.024192e+01
7.921888390967907e-01	-3.024192e+01	3.024192e+01
7.931654015967907e-01	-3.024192e+01	3.024192e+01
7.939980161633031e-01	-3.024192e+01	3.024192e+01
7.943500127691642e-01	-3.024192e+01	3.024192e+01
7.946839440997497e-01	-3.024202e+01	3.024202e+01
7.950457371342882e-01	-3.024232e+01	3.024232e+01
7.953744736344527e-01	-3.024257e+01	3.024257e+01
7.959092199933646e-01	-3.024268e+01	3.024268e+01
7.967727629272607e-01	-3.024268e+01	3.024268e+01
7.977493254272607e-01	-3.024268e+01	3.024268e+01
7.987258879272607e-01	-3.024268e+01	3.024268e+01
7.997024504272607e-01	-3.024268e+01	3.024268e+01
8.006790129272607e-01	-3.024268e+01	3.024268e+01
8.016555754272607e-01	-3.024268e+01	3.024268e+01
8.026321379272607e-01	-3.024268e+01	3.024268e+01
8.036087004272607e-01	-3.024268e+01	3.024268e+01
8.041685507364345e-01	-3.024268e+01	3.024268e+01
8.044779470314807e-01	-3.024270e+01	3.024270e+01
8.048387209716965e-01	-3.024278e+01	3.024278e+01
8.052400122220779e-01	-3.024287e+01	3.024287e+01
8.056906734906728e-01	-3.024291e+01	3.024291e+01
8.064212392184869e-01	-3.024291e+01	3.024291e+01
8.073978017184869e-01	-3.024291e+01	3.024291e+01
8.083743642184869e-01	-3.024291e+01	3.024291e+01
8.093509267184869e-01	-3.024291e+01	3.024291e+01
8.103274892184869e-01	-3.024291e+01	3.024291e+01
8.113040517184869e-01	-3.024291e+01	3.024291e+01
8.122806142184869e-01	-3.024291e+01	3.024291e+01
8.132571767184869e-01	-3.024291e+01	3.024291e+01
8.140339959660881e-01	-3.024291e+01	3.024291e+01
8.143769192384023e-01	-3.024292e+01	3.024292e+01
8.147163535873996e-01	-3.024296e+01	3.024296e+01
8.151383839822536e-01	-3.024310e+01	3.024310e+01
8.155253058156372e-01	-3.024321e+01	3.024321e+01
8.161538690492777e-01	-3.024326e+01	3.024326e+01
8.171304315492777e-01	-3.024326e+01	3.024326e+01
8.181069940492777e-01	-3.024326e+01	3.024326e+01
8.190835565492777e-01	-3.024326e+01	3.024326e+01
8.200601190492777e-01	-3.024326e+01	3.024326e+01
8.210366815492777e-01	-3.024326e+01	3.024326e+01
8.220132440492777e-01	-3.024326e+01	3.024326e+01
8.229898065492777e-01	-3.024326e+01	3.024326e+01
8.239663690492777e-01	-3.024326e+01	3.024326e+01
8.243263865137054e-01	-3.024326e+01	3.024326e+01
8.246555529323863e-01	-3.024334e+01	3.024334e+01
8.249584952624190e-01	-3.024356e+01	3.024356e+01
8.252845727191992e-01	-3.024379e+01	3.024379e+01
8.257631369456043e-01	-3.024389e+01	3.024389e+01
8.265380497968201e-01	-3.024389e+01	3.024389e+01
8.275146122968201e-01	-3.024389e+01	3.024389e+01
8.284911747968201e-01	-3.024389e+01	3.024389e+01
8.294677372968201e-01	-3.024389e+01	3.024389e+01
8.304442997968201e-01	-3.024389e+01	3.024389e+01
8.314208622968201e-01	-3.024389e+01	3.024389e+01
8.323974247968201e-01	-3.024389e+01	3.024389e+01
8.333739872968201e-01	-3.024389e+01	3.024389e+01
8.340792236113835e-01	-3.024389e+01	3.024389e+01
8.344108080563978e-01	-3.024389e+01	3.024389e+01
8.347572849585471e-01	-3.024391e+01	3.024391e+01
8.352096395787876e-01	-3.024396e+01	3.024396e+01
8.356412648071718e-01	-3.024399e+01	3.024399e+01
8.363414634292065e-01	-3.024401e+01	3.024401e+01
8.373180259292065e-01	-3.024401e+01	3.024401e+01
8.382945884292065e-01	-3.024401e+01	3.024401e+01
8.392711509292065e-01	-3.024401e+01	3.024401e+01
8.402477134292065e-01	-3.024401e+01	3.024401e+01
8.412242759292065e-01	-3.024401e+01	3.024401e+01
8.422008384292065e-01	-3.024401e+01	3.024401e+01
8.431774009292065e-01	-3.024401e+01	3.024401e+01
8.440027445871550e-01	-3.024401e+01	3.024401e+01
8.443535460441103e-01	-3.024401e+01	3.024401e+01
8.446881954228449e-01	-3.024409e+01	3.024409e+01
8.450532858808030e-01	-3.024434e+01	3.024434e+01
8.453867648234180e-01	-3.024454e+01	3.024454e+01
8.459291788141937e-01	-3.024464e+01	3.024464e+01
8.468047429666004e-01	-3.024464e+01	3.024464e+01
8.477813054666004e-01	-3.024464e+01	3.024464e+01
8.487578679666004e-01	-3.024464e+01	3.024464e+01
8.497344304666004e-01	-3.024464e+01	3.024464e+01
8.507109929666004e-01	-3.024464e+01	3.024464e+01
8.516875554666004e-01	-3.024464e+01	3.024464e+01
8.526641179666004e-01	-3.024464e+01	3.024464e+01
8.536406804666004e-01	-3.024464e+01	3.024464e+01
8.541805946629720e-01	-3.024464e+01	3.024464e+01
8.544870193363380e-01	-3.024467e+01	3.024467e+01
8.548497583862934e-01	-3.024476e+01	3.024476e+01
8.552441229292819e-01	-3.024486e+01	3.024486e+01
8.556973595662036e-01	-3.024491e+01	3.024491e+01
8.564320268204935e-01	-3.024491e+01	3.024491e+01
8.574085893204935e-01	-3.024491e+01	3.024491e+01
8.583851518204935e-01	-3.024491e+01	3.024491e+01
8.593617143204935e-01	-3.024491e+01	3.024491e+01
8.603382768204935e-01	-3.024491e+01	3.024491e+01
8.613148393204935e-01	-3.024491e+01	3.024491e+01
8.622914018204935e-01	-3.024491e+01	3.024491e+01
8.632679643204935e-01	-3.024491e+01	3.024491e+01
8.640381982393968e-01	-3.024491e+01	3.024491e+01
8.643800648891615e-01	-3.024492e+01	3.024492e+01
8.647201477895761e-01	-3.024495e+01	3.024495e+01
8.651430684510547e-01	-3.024506e+01	3.024506e+01
8.655329307467248e-01	-3.024515e+01	3.024515e+01
8.661662188272028e-01	-3.024519e+01	3.024519e+01
8.671427813272028e-01	-3.024519e+01	3.024519e+01
8.681193438272028e-01	-3.024519e+01	3.024519e+01
8.690959063272028e-01	-3.024519e+01	3.024519e+01
8.700724688272028e-01	-3.024519e+01	3.024519e+01
8.710490313272028e-01	-3.024519e+01	3.024519e+01
8.720255938272028e-01	-3.024519e+01	3.024519e+01
8.730021563272028e-01	-3.024519e+01	3.024519e+01
8.739787188272028e-01	-3.024519e+01	3.024519e+01
8.743356017395872e-01	-3.024519e+01	3.024519e+01
8.746666190515816e-01	-3.024527e+01	3.024527e+01
8.749760256323003e-01	-3.024552e+01	3.024552e+01
8.752910890293690e-01	-3.024576e+01	3.024576e+01
8.757737308460268e-01	-3.024586e+01	3.024586e+01
8.765551070155391e-01	-3.024586e+01	3.024586e+01
8.775316695155391e-01	-3.024586e+01	3.024586e+01
8.785082320155391e-01	-3.024586e+01	3.024586e+01
8.794847945155391e-01	-3.024586e+01	3.024586e+01
8.804613570155391e-01	-3.024586e+01	3.024586e+01
8.814379195155391e-01	-3.024586e+01	3.024586e+01
8.824144820155391e-01	-3.024586e+01	3.024586e+01
8.833910445155391e-01	-3.024586e+01	3.024586e+01
8.841270233364582e-01	-3.024586e+01	3.024586e+01
8.842095100154028e-01	-3.024586e+01	3.024586e+01
8.843744833732921e-01	-3.024586e+01	3.024586e+01
8.847044300890705e-01	-3.024590e+01	3.024590e+01
8.851236615705067e-01	-3.024604e+01	3.024604e+01
8.855013408834054e-01	-3.024615e+01	3.024615e+01
8.861150419149962e-01	-3.024620e+01	3.024620e+01
8.870916044149962e-01	-3.024620e+01	3.024620e+01
8.880681669149962e-01	-3.024620e+01	3.024620e+01
8.890447294149962e-01	-3.024620e+01	3.024620e+01
8.900212919149962e-01	-3.024620e+01	3.024620e+01
8.909978544149962e-01	-3.024620e+01	3.024620e+01
8.919744169149962e-01	-3.024620e+01	3.024620e+01
8.929509794149962e-01	-3.024620e+01	3.024620e+01
8.939275419149962e-01	-3.024620e+01	3.024620e+01
8.942974528829626e-01	-3.024620e+01	3.024620e+01
8.946196327534730e-01	-3.024627e+01	3.024627e+01
8.949315088929526e-01	-3.024646e+01	3.024646e+01
8.952745398040669e-01	-3.024667e+01	3.024667e+01
8.957468244626469e-01	-3.024675e+01	3.024675e+01
8.965117748382667e-01	-3.024676e+01	3.024676e+01
8.974883373382667e-01	-3.024676e+01	3.024676e+01
8.984648998382667e-01	-3.024676e+01	3.024676e+01
8.994414623382667e-01	-3.024676e+01	3.024676e+01
9.004180248382667e-01	-3.024676e+01	3.024676e+01
9.013945873382667e-01	-3.024676e+01	3.024676e+01
9.023711498382667e-01	-3.024676e+01	3.024676e+01
9.033477123382667e-01	-3.024676e+01	3.024676e+01
9.040691012733392e-01	-3.024676e+01	3.024676e+01
9.044032171398707e-01	-3.024676e+01	3.024676e+01
9.047481060210619e-01	-3.024677e+01	3.024677e+01
9.052062105382929e-01	-3.024681e+01	3.024681e+01
9.056356858320529e-01	-3.024684e+01	3.024684e+01
9.063324493617135e-01	-3.024685e+01	3.024685e+01
9.073090118617135e-01	-3.024685e+01	3.024685e+01
9.082855743617135e-01	-3.024685e+01	3.024685e+01
9.092621368617135e-01	-3.024685e+01	3.024685e+01
9.102386993617135e-01	-3.024685e+01	3.024685e+01
9.112152618617135e-01	-3.024685e+01	3.024685e+01
9.121918243617135e-01	-3.024685e+01	3.024685e+01
9.131683868617135e-01	-3.024685e+01	3.024685e+01
9.139991932318227e-01	-3.024685e+01	3.024685e+01
9.143508922453547e-01	-3.024685e+01	3.024685e+01
9.146850021757337e-01	-3.024693e+01	3.024693e+01
9.150476159089062e-01	-3.024718e+01	3.024718e+01
9.153775327510458e-01	-3.024739e+01	3.024739e+01
9.159141878151151e-01	-3.024749e+01	3.024749e+01
9.167807249626732e-01	-3.024749e+01	3.024749e+01
9.177572874626732e-01	-3.024749e+01	3.024749e+01
9.187338499626732e-01	-3.024749e+01	3.024749e+01
9.197104124626732e-01	-3.024749e+01	3.024749e+01
9.206869749626732e-01	-3.024749e+01	3.024749e+01
9.216635374626732e-01	-3.024749e+01	3.024749e+01
9.226400999626732e-01	-3.024749e+01	3.024749e+01
9.236166624626732e-01	-3.024749e+01	3.024749e+01
9.241715516735377e-01	-3.024749e+01	3.024749e+01
9.244802071111272e-01	-3.024751e+01	3.024751e+01
9.248414698846629e-01	-3.024757e+01	3.024757e+01
9.252410361210605e-01	-3.024765e+01	3.024765e+01
9.256923388885900e-01	-3.024769e+01	3.024769e+01
9.257837873302068e-01	-3.024769e+01	3.024769e+01
9.259666842134403e-01	-3.024769e+01	3.024769e+01
9.263324779799073e-01	-3.024769e+01	3.024769e+01
9.270640655128412e-01	-3.024769e+01	3.024769e+01
9.280406280128412e-01	-3.024769e+01	3.024769e+01
9.290171905128412e-01	-3.024769e+01	3.024769e+01
9.299937530128412e-01	-3.024769e+01	3.024769e+01
9.309703155128412e-01	-3.024769e+01	3.024769e+01
9.319468780128412e-01	-3.024769e+01	3.024769e+01
9.329234405128412e-01	-3.024769e+01	3.024769e+01
9.339000030128412e-01	-3.024769e+01	3.024769e+01
9.342775397525257e-01	-3.024769e+01	3.024769e+01
9.345948733248429e-01	-3.024774e+01	3.024774e+01
9.349022293880086e-01	-3.024788e+01	3.024788e+01
9.352636508162666e-01	-3.024804e+01	3.024804e+01
9.357291181591385e-01	-3.024810e+01	3.024810e+01
9.364832410031578e-01	-3.024810e+01	3.024810e+01
9.374598035031578e-01	-3.024810e+01	3.024810e+01
9.384363660031578e-01	-3.024810e+01	3.024810e+01
9.394129285031578e-01	-3.024810e+01	3.024810e+01
9.403894910031578e-01	-3.024810e+01	3.024810e+01
9.413660535031578e-01	-3.024810e+01	3.024810e+01
9.423426160031578e-01	-3.024810e+01	3.024810e+01
9.433191785031578e-01	-3.024810e+01	3.024810e+01
9.440580761543735e-01	-3.024810e+01	3.024810e+01
9.443949533189189e-01	-3.024811e+01	3.024811e+01
9.447381202551377e-01	-3.024812e+01	3.024812e+01
9.452024785904812e-01	-3.024816e+01	3.024816e+01
9.456296138625772e-01	-3.024819e+01	3.024819e+01
9.463226373680831e-01	-3.024820e+01	3.024820e+01
9.472991998680831e-01	-3.024820e+01	3.024820e+01
9.482757623680831e-01	-3.024820e+01	3.024820e+01
9.492523248680831e-01	-3.024820e+01	3.024820e+01
9.502288873680831e-01	-3.024820e+01	3.024820e+01
9.512054498680831e-01	-3.024820e+01	3.024820e+01
9.521820123680831e-01	-3.024820e+01	3.024820e+01
9.531585748680831e-01	-3.024820e+01	3.024820e+01
9.539953226700713e-01	-3.024820e+01	3.024820e+01
9.543480004541606e-01	-3.024820e+01	3.024820e+01
9.546815234618194e-01	-3.024828e+01	3.024828e+01
9.550414388483383e-01	-3.024852e+01	3.024852e+01
9.553674749091999e-01	-3.024873e+01	3.024873e+01
9.558978536709973e-01	-3.024882e+01	3.024882e+01
9.567545407251141e-01	-3.024882e+01	3.024882e+01
9.577311032251141e-01	-3.024882e+01	3.024882e+01
9.587076657251141e-01	-3.024882e+01	3.024882e+01
9.596842282251141e-01	-3.024882e+01	3.024882e+01
9.606607907251141e-01	-3.024882e+01	3.024882e+01
9.616373532251141e-01	-3.024882e+01	3.024882e+01
9.626139157251141e-01	-3.024882e+01	3.024882e+01
9.635904782251141e-01	-3.024882e+01	3.024882e+01
9.641616765147701e-01	-3.024882e+01	3.024882e+01
9.644727709695725e-01	-3.024883e+01	3.024883e+01
9.648324271716149e-01	-3.024889e+01	3.024889e+01
9.652376676577656e-01	-3.024895e+01	3.024895e+01
9.656868599381647e-01	-3.024899e+01	3.024899e+01
9.657778881229961e-01	-3.024899e+01	3.024899e+01
9.659599444926591e-01	-3.024899e+01	3.024899e+01
9.663240572319849e-01	-3.024899e+01	3.024899e+01
9.670522827106365e-01	-3.024899e+01	3.024899e+01
9.680288452106365e-01	-3.024899e+01	3.024899e+01
9.690054077106365e-01	-3.024899e+01	3.024899e+01
9.699819702106365e-01	-3.024899e+01	3.024899e+01
9.709585327106365e-01	-3.024899e+01	3.024899e+01
9.719350952106365e-01	-3.024899e+01	3.024899e+01
9.729116577106365e-01	-3.024899e+01	3.024899e+01
9.738882202106365e-01	-3.024899e+01	3.024899e+01
9.742731541895141e-01	-3.024899e+01	3.024899e+01
9.745894189474639e-01	-3.024903e+01	3.024903e+01
9.749010126087139e-01	-3.024916e+01	3.024916e+01
9.752631981968293e-01	-3.024932e+01	3.024932e+01
9.757283821238227e-01	-3.024938e+01	3.024938e+01
9.764820545704500e-01	-3.024938e+01	3.024938e+01
9.774586170704500e-01	-3.024938e+01	3.024938e+01
9.784351795704500e-01	-3.024938e+01	3.024938e+01
9.794117420704500e-01	-3.024938e+01	3.024938e+01
9.803883045704500e-01	-3.024938e+01	3.024938e+01
9.813648670704500e-01	-3.024938e+01	3.024938e+01
9.823414295704500e-01	-3.024938e+01	3.024938e+01
9.833179920704500e-01	-3.024938e+01	3.024938e+01
9.834104451838376e-01	-3.024938e+01	3.024938e+01
9.835953514106127e-01	-3.024938e+01	3.024938e+01
9.839651638641630e-01	-3.024938e+01	3.024938e+01
9.844503847586957e-01	-3.024939e+01	3.024939e+01
9.848094411346244e-01	-3.024942e+01	3.024942e+01
9.852291012956685e-01	-3.024947e+01	3.024947e+01
9.856729256345441e-01	-3.024950e+01	3.024950e+01
9.863925948980322e-01	-3.024950e+01	3.024950e+01
9.873691573980322e-01	-3.024950e+01	3.024950e+01
9.883457198980322e-01	-3.024950e+01	3.024950e+01
9.893222823980322e-01	-3.024950e+01	3.024950e+01
9.902988448980322e-01	-3.024950e+01	3.024950e+01
9.912754073980322e-01	-3.024950e+01	3.024950e+01
9.922519698980322e-01	-3.024950e+01	3.024950e+01
9.932285323980322e-01	-3.024950e+01	3.024950e+01
9.940660282389658e-01	-3.024950e+01	3.024950e+01
9.941524629371258e-01	-3.024950e+01	3.024950e+01
9.943253323334457e-01	-3.024950e+01	3.024950e+01
9.946710711260854e-01	-3.024958e+01	3.024958e+01
9.949854454429619e-01	-3.024980e+01	3.024980e+01
9.952945903089895e-01	-3.025000e+01	3.025000e+01
9.957794227412564e-01	-3.025009e+01	3.025009e+01
9.965642693276590e-01	-3.025009e+01	3.025009e+01
9.975408318276590e-01	-3.025009e+01	3.025009e+01
9.985173943276590e-01	-3.025009e+01	3.025009e+01
9.994939568276590e-01	-3.025009e+01	3.025009e+01
1.000000000000000e+00	-3.025009e+01	3.025009e+01
