time	V(out)
0.000000000000000e+00	-7.903731e-04
1.562499990503952e-10	-7.923723e-04
3.124999981007903e-10	-7.932878e-04
6.249999962015806e-10	-7.937853e-04
1.249999992403161e-09	-7.939938e-04
2.499999984806323e-09	-7.932673e-04
4.999999969612645e-09	-7.914123e-04
9.999999939225290e-09	-7.847328e-04
1.999999987845058e-08	-7.250144e-04
3.999999975690116e-08	-2.921507e-04
7.999999951380232e-08	1.996730e-03
1.599999990276046e-07	1.048108e-02
3.199999980552093e-07	3.265536e-02
6.399999961104186e-07	7.892934e-02
1.057790743772372e-06	1.386957e-01
1.893372239096280e-06	2.582496e-01
3.479779426449841e-06	4.852575e-01
6.602496340878044e-06	9.317245e-01
1.284793016973445e-05	1.822265e+00
2.533879782744726e-05	3.590449e+00
4.096379782744726e-05	5.769508e+00
5.658879782744726e-05	7.893747e+00
7.221379782744726e-05	9.941214e+00
8.783879782744726e-05	1.189219e+01
1.034637978274473e-04	1.372785e+01
1.190887978274473e-04	1.543054e+01
1.347137978274473e-04	1.699955e+01
1.445023492226893e-04	1.789687e+01
1.563720259615629e-04	1.887331e+01
1.719970259615629e-04	2.000211e+01
1.876220259615629e-04	2.094833e+01
2.032470259615629e-04	2.169207e+01
2.188720259615629e-04	2.222616e+01
2.344970259615629e-04	2.254545e+01
2.501220259615630e-04	2.264880e+01
2.651986971269298e-04	2.253919e+01
2.808236971269298e-04	2.220973e+01
2.964486971269299e-04	2.166756e+01
3.120736971269299e-04	2.091597e+01
3.276986971269299e-04	1.996221e+01
3.433236971269299e-04	1.881546e+01
3.589486971269299e-04	1.748675e+01
3.745736971269299e-04	1.598886e+01
3.901986971269299e-04	1.433827e+01
4.048542979175626e-04	1.266158e+01
4.204792979175626e-04	1.075362e+01
4.361042979175626e-04	8.743360e+00
4.517292979175626e-04	6.648156e+00
4.673542979175626e-04	4.488188e+00
4.829792979175627e-04	2.284254e+00
4.986042979175626e-04	5.758158e-02
5.142292979175626e-04	-2.170386e+00
5.298542979175626e-04	-4.378193e+00
5.454792979175627e-04	-6.544574e+00
5.611042979175627e-04	-8.648666e+00
5.767292979175627e-04	-1.067020e+01
5.923542979175627e-04	-1.258971e+01
6.079792979175627e-04	-1.438868e+01
6.236042979175627e-04	-1.604980e+01
6.392292979175627e-04	-1.755713e+01
6.548542979175628e-04	-1.889615e+01
6.704792979175628e-04	-2.005395e+01
6.861042979175628e-04	-2.101935e+01
7.017292979175628e-04	-2.178306e+01
7.173542979175628e-04	-2.233773e+01
7.329792979175628e-04	-2.267801e+01
7.486042979175628e-04	-2.280063e+01
7.642292979175629e-04	-2.270441e+01
7.798542979175629e-04	-2.239026e+01
7.954792979175629e-04	-2.186123e+01
8.111042979175629e-04	-2.112240e+01
8.267292979175629e-04	-2.018088e+01
8.423542979175629e-04	-1.904575e+01
8.579792979175629e-04	-1.772794e+01
8.736042979175630e-04	-1.624010e+01
8.892292979175630e-04	-1.459654e+01
9.048542979175630e-04	-1.281315e+01
9.204792979175630e-04	-1.090714e+01
9.361042979175630e-04	-8.896839e+00
9.517292979175630e-04	-6.801598e+00
9.673542979175630e-04	-4.641592e+00
9.829792979175629e-04	-2.437623e+00
9.986042979175630e-04	-2.109150e-01
1.014229297917563e-03	2.017087e+00
1.029854297917563e-03	4.224927e+00
1.045479297917563e-03	6.391341e+00
1.061104297917563e-03	8.495466e+00
1.076729297917563e-03	1.051704e+01
1.092354297917563e-03	1.243657e+01
1.107979297917563e-03	1.423557e+01
1.123604297917563e-03	1.589672e+01
1.139229297917563e-03	1.741832e+01
1.149675167808728e-03	1.833983e+01
1.161924558956153e-03	1.930015e+01
1.177549558956153e-03	2.036226e+01
1.193174558956153e-03	2.123748e+01
1.208799558956153e-03	2.190743e+01
1.224424558956153e-03	2.236567e+01
1.240049558956153e-03	2.260778e+01
1.255674558956153e-03	2.263144e+01
1.271299558956153e-03	2.243641e+01
1.286924558956153e-03	2.202458e+01
1.302549558956153e-03	2.139991e+01
1.318174558956153e-03	2.056841e+01
1.333799558956153e-03	1.953809e+01
1.349424558956153e-03	1.831888e+01
1.365049558956153e-03	1.692251e+01
1.380674558956153e-03	1.536237e+01
1.396299558956153e-03	1.365635e+01
1.410540311263617e-03	1.198319e+01
1.426165311263617e-03	1.003439e+01
1.441790311263617e-03	7.990928e+00
1.457415311263617e-03	5.869783e+00
1.473040311263617e-03	3.691381e+00
1.488665311263617e-03	1.476700e+00
1.504290311263617e-03	-7.529314e-01
1.519915311263617e-03	-2.976040e+00
1.535540311263617e-03	-5.171216e+00
1.551165311263617e-03	-7.317318e+00
1.566790311263617e-03	-9.393677e+00
1.582415311263617e-03	-1.138029e+01
1.598040311263617e-03	-1.325802e+01
1.613665311263617e-03	-1.500875e+01
1.629290311263617e-03	-1.661568e+01
1.644915311263617e-03	-1.806337e+01
1.660540311263617e-03	-1.933785e+01
1.676165311263617e-03	-2.042682e+01
1.691790311263617e-03	-2.131981e+01
1.707415311263617e-03	-2.200819e+01
1.723040311263617e-03	-2.248536e+01
1.738665311263617e-03	-2.274670e+01
1.754290311263617e-03	-2.278971e+01
1.769915311263617e-03	-2.261396e+01
1.785540311263617e-03	-2.222116e+01
1.801165311263617e-03	-2.161508e+01
1.816790311263617e-03	-2.080157e+01
1.832415311263617e-03	-1.978844e+01
1.848040311263617e-03	-1.858548e+01
1.863665311263617e-03	-1.720424e+01
1.879290311263617e-03	-1.565799e+01
1.894915311263617e-03	-1.396163e+01
1.910540311263617e-03	-1.213157e+01
1.926165311263617e-03	-1.018542e+01
1.941790311263617e-03	-8.141927e+00
1.957415311263617e-03	-6.020745e+00
1.973040311263617e-03	-3.842307e+00
1.988665311263617e-03	-1.627591e+00
2.004290311263617e-03	6.020743e-01
2.019915311263617e-03	2.825217e+00
2.035540311263617e-03	5.020425e+00
2.051165311263618e-03	7.166560e+00
2.066790311263618e-03	9.242950e+00
2.082415311263618e-03	1.122960e+01
2.098040311263618e-03	1.310735e+01
2.113665311263618e-03	1.485812e+01
2.129290311263618e-03	1.647113e+01
2.142604591026796e-03	1.772101e+01
2.155931784103764e-03	1.883984e+01
2.170345597624582e-03	1.989676e+01
2.185970597624582e-03	2.086022e+01
2.201595597624582e-03	2.162573e+01
2.217220597624582e-03	2.218225e+01
2.232845597624582e-03	2.252443e+01
2.248470597624582e-03	2.264896e+01
2.264095597624582e-03	2.255465e+01
2.279720597624582e-03	2.224241e+01
2.295345597624582e-03	2.171524e+01
2.310970597624582e-03	2.097823e+01
2.326595597624582e-03	2.003846e+01
2.342220597624582e-03	1.890499e+01
2.357845597624582e-03	1.758873e+01
2.373470597624582e-03	1.610232e+01
2.389095597624582e-03	1.446008e+01
2.404720597624582e-03	1.267785e+01
2.420345597624582e-03	1.077286e+01
2.435970597624582e-03	8.763408e+00
2.451595597624582e-03	6.668846e+00
2.467220597624582e-03	4.509344e+00
2.482845597624582e-03	2.305696e+00
2.498470597624582e-03	7.912689e-02
2.514095597624582e-03	-2.148922e+00
2.529720597624582e-03	-4.356992e+00
2.545345597624582e-03	-6.523817e+00
2.560970597624582e-03	-8.628531e+00
2.576595597624582e-03	-1.065086e+01
2.592220597624582e-03	-1.257132e+01
2.607845597624582e-03	-1.437139e+01
2.623470597624582e-03	-1.603376e+01
2.639095597624582e-03	-1.754247e+01
2.654720597624582e-03	-1.888300e+01
2.670345597624582e-03	-2.004239e+01
2.685970597624582e-03	-2.100948e+01
2.701595597624582e-03	-2.177495e+01
2.717220597624582e-03	-2.233144e+01
2.732845597624582e-03	-2.267357e+01
2.748470597624582e-03	-2.279806e+01
2.764095597624582e-03	-2.270371e+01
2.779720597624582e-03	-2.239142e+01
2.795345597624582e-03	-2.186421e+01
2.810970597624582e-03	-2.112714e+01
2.826595597624582e-03	-2.018733e+01
2.842220597624582e-03	-1.905381e+01
2.857845597624582e-03	-1.773751e+01
2.873470597624582e-03	-1.625107e+01
2.889095597624582e-03	-1.460878e+01
2.904720597624582e-03	-1.282651e+01
2.920345597624582e-03	-1.092148e+01
2.935970597624582e-03	-8.911989e+00
2.951595597624582e-03	-6.817390e+00
2.967220597624582e-03	-4.657852e+00
2.982845597624582e-03	-2.454170e+00
2.998470597624582e-03	-2.275665e-01
3.014095597624582e-03	2.000515e+00
3.029720597624582e-03	4.208617e+00
3.045345597624582e-03	6.375475e+00
3.060970597624582e-03	8.480220e+00
3.076595597624582e-03	1.050258e+01
3.092220597624582e-03	1.242307e+01
3.107845597624582e-03	1.422317e+01
3.123470597624582e-03	1.588557e+01
3.139095597624582e-03	1.740867e+01
3.149492308028065e-03	1.832709e+01
3.161704544142104e-03	1.928623e+01
3.177329544142104e-03	2.035094e+01
3.192954544142104e-03	2.122899e+01
3.208579544142104e-03	2.190188e+01
3.224204544142104e-03	2.236314e+01
3.239829544142104e-03	2.260832e+01
3.255454544142104e-03	2.263506e+01
3.271079544142104e-03	2.244310e+01
3.286704544142104e-03	2.203429e+01
3.302329544142104e-03	2.141258e+01
3.317954544142104e-03	2.058394e+01
3.333579544142104e-03	1.955636e+01
3.349204544142104e-03	1.833973e+01
3.364829544142104e-03	1.694576e+01
3.380454544142104e-03	1.538784e+01
3.396079544142104e-03	1.368389e+01
3.410276412141165e-03	1.201762e+01
3.425901412141165e-03	1.007054e+01
3.441526412141165e-03	8.028564e+00
3.457151412141165e-03	5.908564e+00
3.472776412141165e-03	3.730955e+00
3.488401412141165e-03	1.516710e+00
3.504026412141165e-03	-7.128475e-01
3.519651412141165e-03	-2.936245e+00
3.535276412141165e-03	-5.132071e+00
3.550901412141165e-03	-7.279175e+00
3.566526412141165e-03	-9.356880e+00
3.582151412141165e-03	-1.134517e+01
3.597776412141165e-03	-1.322489e+01
3.613401412141165e-03	-1.497792e+01
3.629026412141165e-03	-1.658741e+01
3.644651412141165e-03	-1.803790e+01
3.660276412141165e-03	-1.931542e+01
3.675901412141165e-03	-2.040762e+01
3.691526412141165e-03	-2.130399e+01
3.707151412141165e-03	-2.199589e+01
3.722776412141166e-03	-2.247667e+01
3.738401412141166e-03	-2.274168e+01
3.754026412141166e-03	-2.278839e+01
3.769651412141166e-03	-2.261633e+01
3.785276412141166e-03	-2.222717e+01
3.800901412141166e-03	-2.162465e+01
3.816526412141166e-03	-2.081458e+01
3.832151412141166e-03	-1.980475e+01
3.847776412141166e-03	-1.860490e+01
3.863401412141166e-03	-1.722657e+01
3.879026412141166e-03	-1.568299e+01
3.894651412141166e-03	-1.398903e+01
3.910276412141166e-03	-1.216108e+01
3.925901412141166e-03	-1.021675e+01
3.941526412141166e-03	-8.174738e+00
3.957151412141166e-03	-6.054700e+00
3.972776412141166e-03	-3.877057e+00
3.988401412141166e-03	-1.662778e+00
4.004026412141166e-03	5.668123e-01
4.019651412141166e-03	2.790242e+00
4.035276412141166e-03	4.986099e+00
4.050901412141166e-03	7.133235e+00
4.066526412141166e-03	9.210971e+00
4.082151412141166e-03	1.119929e+01
4.097776412141166e-03	1.307904e+01
4.113401412141166e-03	1.483209e+01
4.129026412141166e-03	1.645175e+01
4.140765222589040e-03	1.756485e+01
4.152829981386380e-03	1.860022e+01
4.165424607752445e-03	1.955963e+01
4.181049607752445e-03	2.057937e+01
4.196674607752445e-03	2.140927e+01
4.212299607752445e-03	2.203228e+01
4.227924607752445e-03	2.244242e+01
4.243549607752445e-03	2.263573e+01
4.259174607752445e-03	2.261034e+01
4.274799607752445e-03	2.236651e+01
4.290424607752445e-03	2.190658e+01
4.306049607752445e-03	2.123498e+01
4.321674607752445e-03	2.035818e+01
4.337299607752445e-03	1.928462e+01
4.352924607752445e-03	1.802465e+01
4.368549607752445e-03	1.659037e+01
4.384174607752445e-03	1.499556e+01
4.399799607752445e-03	1.325562e+01
4.415424607752445e-03	1.138737e+01
4.431049607752445e-03	9.408771e+00
4.446674607752445e-03	7.338873e+00
4.462299607752445e-03	5.197605e+00
4.477924607752445e-03	3.005587e+00
4.493549607752445e-03	7.839293e-01
4.509174607752445e-03	-1.445972e+00
4.524799607752445e-03	-3.662642e+00
4.540424607752445e-03	-5.844732e+00
4.556049607752445e-03	-7.971226e+00
4.571674607752445e-03	-1.002164e+01
4.587299607752445e-03	-1.197623e+01
4.602924607752445e-03	-1.381615e+01
4.618549607752445e-03	-1.552368e+01
4.634174607752445e-03	-1.708242e+01
4.649799607752445e-03	-1.847739e+01
4.665424607752445e-03	-1.969512e+01
4.681049607752445e-03	-2.072387e+01
4.696674607752445e-03	-2.155373e+01
4.712299607752445e-03	-2.217671e+01
4.727924607752445e-03	-2.258681e+01
4.743549607752445e-03	-2.278007e+01
4.759174607752445e-03	-2.275465e+01
4.774799607752445e-03	-2.251077e+01
4.790424607752445e-03	-2.205080e+01
4.806049607752445e-03	-2.137915e+01
4.821674607752445e-03	-2.050231e+01
4.837299607752445e-03	-1.942871e+01
4.852924607752445e-03	-1.816869e+01
4.868549607752445e-03	-1.673437e+01
4.884174607752445e-03	-1.513951e+01
4.899799607752445e-03	-1.339954e+01
4.915424607752445e-03	-1.153124e+01
4.931049607752445e-03	-9.552610e+00
4.946674607752445e-03	-7.482676e+00
4.962299607752445e-03	-5.341372e+00
4.977924607752445e-03	-3.149321e+00
4.993549607752445e-03	-9.276301e-01
5.009174607752446e-03	1.302304e+00
5.024799607752446e-03	3.519005e+00
5.040424607752446e-03	5.701126e+00
5.056049607752446e-03	7.827651e+00
5.071674607752446e-03	9.878098e+00
5.087299607752446e-03	1.183272e+01
5.102924607752446e-03	1.367267e+01
5.118549607752446e-03	1.538022e+01
5.134174607752446e-03	1.695371e+01
5.144301265695901e-03	1.788393e+01
5.156515949487307e-03	1.888985e+01
5.172075156340240e-03	2.001356e+01
5.187700156340240e-03	2.095860e+01
5.203325156340240e-03	2.170130e+01
5.218950156340240e-03	2.223432e+01
5.234575156340240e-03	2.255253e+01
5.250200156340240e-03	2.265461e+01
5.265325918244703e-03	2.254325e+01
5.280950918244703e-03	2.221220e+01
5.296575918244703e-03	2.166830e+01
5.312200918244703e-03	2.091504e+01
5.327825918244703e-03	1.995966e+01
5.343450918244703e-03	1.881137e+01
5.359075918244703e-03	1.748124e+01
5.374700918244703e-03	1.598202e+01
5.390325918244703e-03	1.433119e+01
5.404532175624818e-03	1.270658e+01
5.420157175624818e-03	1.080004e+01
5.435782175624818e-03	8.791739e+00
5.451407175624818e-03	6.698084e+00
5.467032175624818e-03	4.539241e+00
5.482657175624818e-03	2.335999e+00
5.498282175624818e-03	1.095779e-01
5.513907175624818e-03	-2.118582e+00
5.529532175624818e-03	-4.327021e+00
5.545157175624818e-03	-6.494470e+00
5.560782175624818e-03	-8.600055e+00
5.576407175624818e-03	-1.062349e+01
5.592032175624818e-03	-1.254530e+01
5.607657175624818e-03	-1.434693e+01
5.623282175624818e-03	-1.601106e+01
5.638907175624818e-03	-1.752171e+01
5.654532175624818e-03	-1.886435e+01
5.670157175624818e-03	-2.002600e+01
5.685782175624818e-03	-2.099546e+01
5.701407175624818e-03	-2.176342e+01
5.717032175624818e-03	-2.232246e+01
5.732657175624818e-03	-2.266720e+01
5.748282175624818e-03	-2.279433e+01
5.763907175624818e-03	-2.270261e+01
5.779532175624818e-03	-2.239294e+01
5.795157175624818e-03	-2.186830e+01
5.810782175624818e-03	-2.113372e+01
5.826407175624818e-03	-2.019631e+01
5.842032175624818e-03	-1.906506e+01
5.857657175624818e-03	-1.775089e+01
5.873282175624818e-03	-1.626642e+01
5.888907175624818e-03	-1.462592e+01
5.904532175624818e-03	-1.284525e+01
5.920157175624818e-03	-1.094158e+01
5.935782175624818e-03	-8.933243e+00
5.951407175624818e-03	-6.839552e+00
5.967032175624818e-03	-4.680675e+00
5.982657175624818e-03	-2.477400e+00
5.998282175624818e-03	-2.509466e-01
6.013907175624818e-03	1.977244e+00
6.029532175624818e-03	4.185714e+00
6.045157175624818e-03	6.353194e+00
6.060782175624818e-03	8.458808e+00
6.076407175624818e-03	1.048228e+01
6.092032175624818e-03	1.240411e+01
6.107657175624818e-03	1.420577e+01
6.123282175624818e-03	1.586992e+01
6.138907175624818e-03	1.739508e+01
6.149257992410674e-03	1.831104e+01
6.161439111937300e-03	1.926993e+01
6.177064111937300e-03	2.033782e+01
6.192689111937300e-03	2.121928e+01
6.208314111937300e-03	2.189571e+01
6.223939111937300e-03	2.236061e+01
6.239564111937300e-03	2.260948e+01
6.255189111937300e-03	2.263994e+01
6.270814111937300e-03	2.245169e+01
6.286439111937300e-03	2.204654e+01
6.302064111937300e-03	2.142840e+01
6.317689111937300e-03	2.060321e+01
6.333314111937300e-03	1.957893e+01
6.348939111937300e-03	1.836542e+01
6.364564111937300e-03	1.697436e+01
6.380189111937300e-03	1.541909e+01
6.395814111937300e-03	1.371767e+01
6.409952320046003e-03	1.206041e+01
6.425577320046003e-03	1.011543e+01
6.441202320046003e-03	8.075280e+00
6.456827320046003e-03	5.956692e+00
6.472452320046003e-03	3.780066e+00
6.488077320046003e-03	1.566365e+00
6.503702320046003e-03	-6.630942e-01
6.519327320046003e-03	-2.886839e+00
6.534952320046003e-03	-5.083453e+00
6.550577320046003e-03	-7.231781e+00
6.566202320046003e-03	-9.311131e+00
6.581827320046003e-03	-1.130148e+01
6.597452320046003e-03	-1.318364e+01
6.613077320046003e-03	-1.493947e+01
6.628702320046003e-03	-1.655210e+01
6.644327320046003e-03	-1.800604e+01
6.659952320046003e-03	-1.928727e+01
6.675577320046003e-03	-2.038343e+01
6.691202320046003e-03	-2.128396e+01
6.706827320046003e-03	-2.198018e+01
6.722452320046003e-03	-2.246539e+01
6.738077320046003e-03	-2.273491e+01
6.753702320046003e-03	-2.278616e+01
6.769327320046003e-03	-2.261863e+01
6.784952320046003e-03	-2.223394e+01
6.800577320046003e-03	-2.163580e+01
6.816202320046003e-03	-2.082996e+01
6.831827320046003e-03	-1.982419e+01
6.847452320046003e-03	-1.862816e+01
6.863077320046003e-03	-1.725340e+01
6.878702320046003e-03	-1.571311e+01
6.894327320046003e-03	-1.402211e+01
6.909952320046003e-03	-1.219677e+01
6.925577320046003e-03	-1.025466e+01
6.941202320046003e-03	-8.214480e+00
6.956827320046003e-03	-6.095858e+00
6.972452320046003e-03	-3.919199e+00
6.988077320046003e-03	-1.705465e+00
7.003702320046003e-03	5.240251e-01
7.019327320046003e-03	2.747800e+00
7.034952320046003e-03	4.944445e+00
7.050577320046003e-03	7.092802e+00
7.066202320046003e-03	9.172182e+00
7.081827320046003e-03	1.116256e+01
7.097452320046003e-03	1.304474e+01
7.113077320046003e-03	1.480060e+01
7.128702320046003e-03	1.642293e+01
7.140614046643006e-03	1.755459e+01
7.152546805178413e-03	1.858094e+01
7.165097768456866e-03	1.953963e+01
7.180722768456866e-03	2.056332e+01
7.196347768456866e-03	2.139746e+01
7.211972768456866e-03	2.202487e+01
7.227597768456866e-03	2.243951e+01
7.243222768456866e-03	2.263738e+01
7.258847768456866e-03	2.261657e+01
7.274472768456866e-03	2.237729e+01
7.290097768456866e-03	2.192184e+01
7.305722768456866e-03	2.125461e+01
7.321347768456866e-03	2.038202e+01
7.336972768456866e-03	1.931248e+01
7.352597768456866e-03	1.805629e+01
7.368222768456867e-03	1.662551e+01
7.383847768456867e-03	1.503391e+01
7.399472768456867e-03	1.329684e+01
7.415097768456867e-03	1.143109e+01
7.430722768456867e-03	9.454611e+00
7.446347768456867e-03	7.386420e+00
7.461972768456867e-03	5.246435e+00
7.477597768456867e-03	3.055263e+00
7.493222768456867e-03	8.340061e-01
7.508847768456867e-03	-1.395944e+00
7.524472768456867e-03	-3.613111e+00
7.540097768456867e-03	-5.796142e+00
7.555722768456867e-03	-7.924012e+00
7.571347768456867e-03	-9.976227e+00
7.586972768456867e-03	-1.193302e+01
7.602597768456867e-03	-1.377552e+01
7.618222768456867e-03	-1.548599e+01
7.633847768456867e-03	-1.704800e+01
7.649472768456867e-03	-1.844654e+01
7.665097768456867e-03	-1.966811e+01
7.680722768456867e-03	-2.070092e+01
7.696347768456867e-03	-2.153503e+01
7.711972768456867e-03	-2.216241e+01
7.727597768456867e-03	-2.257701e+01
7.743222768456867e-03	-2.277483e+01
7.758847768456867e-03	-2.275399e+01
7.774472768456867e-03	-2.251467e+01
7.790097768456867e-03	-2.205918e+01
7.805722768456867e-03	-2.139190e+01
7.821347768456867e-03	-2.051927e+01
7.836972768456867e-03	-1.944968e+01
7.852597768456867e-03	-1.819344e+01
7.868222768456867e-03	-1.676263e+01
7.883847768456867e-03	-1.517099e+01
7.899472768456867e-03	-1.343388e+01
7.915097768456867e-03	-1.156809e+01
7.930722768456867e-03	-9.591578e+00
7.946347768456867e-03	-7.523354e+00
7.961972768456867e-03	-5.383335e+00
7.977597768456867e-03	-3.192130e+00
7.993222768456867e-03	-9.708420e-01
8.008847768456867e-03	1.259139e+00
8.024472768456867e-03	3.476335e+00
8.040097768456867e-03	5.659396e+00
8.055722768456867e-03	7.787294e+00
8.071347768456867e-03	9.839538e+00
8.086972768456867e-03	1.179636e+01
8.102597768456867e-03	1.363889e+01
8.118222768456867e-03	1.534938e+01
8.133847768456867e-03	1.692605e+01
8.143998923750541e-03	1.786065e+01
8.156247107045569e-03	1.887254e+01
8.171553623261484e-03	1.998280e+01
8.187178623261484e-03	2.093368e+01
8.202803623261484e-03	2.168327e+01
8.218428623261484e-03	2.222338e+01
8.234053623261484e-03	2.254882e+01
8.249678623261484e-03	2.265793e+01
8.264880550084411e-03	2.255260e+01
8.280505550084411e-03	2.222799e+01
8.296130550084411e-03	2.169014e+01
8.311755550084411e-03	2.094275e+01
8.327380550084411e-03	1.999301e+01
8.343005550084411e-03	1.885008e+01
8.358630550084411e-03	1.752496e+01
8.374255550084411e-03	1.603037e+01
8.389880550084411e-03	1.438347e+01
8.404216714476767e-03	1.274695e+01
8.419841714476767e-03	1.084297e+01
8.435466714476767e-03	8.836594e+00
8.451091714476767e-03	6.744464e+00
8.466716714476767e-03	4.586733e+00
8.482341714476767e-03	2.384178e+00
8.497966714476767e-03	1.580123e-01
8.513591714476767e-03	-2.070326e+00
8.529216714476767e-03	-4.279375e+00
8.544841714476767e-03	-6.447860e+00
8.560466714476767e-03	-8.554897e+00
8.576091714476767e-03	-1.058019e+01
8.591716714476767e-03	-1.250423e+01
8.607341714476767e-03	-1.430847e+01
8.622966714476767e-03	-1.597554e+01
8.638591714476767e-03	-1.748944e+01
8.654216714476767e-03	-1.883560e+01
8.669841714476767e-03	-2.000102e+01
8.685466714476767e-03	-2.097447e+01
8.701091714476767e-03	-2.174657e+01
8.716716714476767e-03	-2.230989e+01
8.732341714476767e-03	-2.265900e+01
8.747966714476767e-03	-2.279054e+01
8.763591714476767e-03	-2.270325e+01
8.779216714476767e-03	-2.239795e+01
8.794841714476767e-03	-2.187761e+01
8.810466714476767e-03	-2.114721e+01
8.826091714476767e-03	-2.021380e+01
8.841716714476767e-03	-1.908637e+01
8.857341714476767e-03	-1.777578e+01
8.872966714476767e-03	-1.629461e+01
8.888591714476767e-03	-1.465711e+01
8.904216714476767e-03	-1.287910e+01
8.919841714476767e-03	-1.097774e+01
8.935466714476767e-03	-8.971328e+00
8.951091714476767e-03	-6.879165e+00
8.966716714476767e-03	-4.721400e+00
8.982341714476767e-03	-2.518814e+00
8.997966714476767e-03	-2.926176e-01
9.013591714476767e-03	1.935750e+00
9.029216714476767e-03	4.144828e+00
9.044841714476767e-03	6.313343e+00
9.060466714476767e-03	8.420409e+00
9.076091714476767e-03	1.044573e+01
9.091716714476767e-03	1.236980e+01
9.107341714476767e-03	1.417406e+01
9.122966714476767e-03	1.584115e+01
9.138591714476767e-03	1.736967e+01
9.148892218901897e-03	1.828371e+01
9.161047047131483e-03	1.924386e+01
9.176672047131483e-03	2.031649e+01
9.192297047131483e-03	2.120300e+01
9.207922047131483e-03	2.188466e+01
9.223547047131483e-03	2.235493e+01
9.239172047131483e-03	2.260926e+01
9.254797047131483e-03	2.264521e+01
9.270422047131483e-03	2.246243e+01
9.286047047131483e-03	2.206269e+01
9.301672047131483e-03	2.144982e+01
9.317297047131483e-03	2.062974e+01
9.332922047131483e-03	1.961035e+01
9.348547047131483e-03	1.840145e+01
9.364172047131483e-03	1.701468e+01
9.379797047131483e-03	1.546702e+01
9.393843922651265e-03	1.394672e+01
9.408059485148609e-03	1.229135e+01
9.423684485148609e-03	1.035964e+01
9.439309485148609e-03	8.330347e+00
9.454934485148609e-03	6.220188e+00
9.470559485148609e-03	4.049486e+00
9.486184485148609e-03	1.839145e+00
9.501809485148609e-03	-3.895473e-01
9.517434485148609e-03	-2.615128e+00
9.533059485148609e-03	-4.816163e+00
9.548684485148609e-03	-6.971453e+00
9.564309485148609e-03	-9.060242e+00
9.579934485148609e-03	-1.106241e+01
9.595559485148609e-03	-1.295867e+01
9.611184485148609e-03	-1.473073e+01
9.626809485148609e-03	-1.636156e+01
9.642434485148609e-03	-1.783550e+01
9.658059485148609e-03	-1.913835e+01
9.673684485148609e-03	-2.025753e+01
9.689309485148609e-03	-2.118225e+01
9.704934485148609e-03	-2.190362e+01
9.720559485148609e-03	-2.241468e+01
9.736184485148609e-03	-2.271052e+01
9.751809485148609e-03	-2.278828e+01
9.767434485148609e-03	-2.264721e+01
9.783059485148609e-03	-2.228867e+01
9.798684485148609e-03	-2.171612e+01
9.814309485148609e-03	-2.093507e+01
9.829934485148609e-03	-1.995304e+01
9.845559485148609e-03	-1.877949e+01
9.861184485148609e-03	-1.742571e+01
9.876809485148609e-03	-1.590471e+01
9.892434485148609e-03	-1.423112e+01
9.908059485148609e-03	-1.242114e+01
9.923684485148609e-03	-1.049221e+01
9.939309485148609e-03	-8.462883e+00
9.954934485148609e-03	-6.352691e+00
9.970559485148609e-03	-4.181957e+00
9.986184485148609e-03	-1.971585e+00
1.000180948514861e-02	2.571374e-01
1.001743448514861e-02	2.482747e+00
1.003305948514861e-02	4.683810e+00
1.004868448514861e-02	6.839129e+00
1.006430948514861e-02	8.927946e+00
1.007993448514861e-02	1.093014e+01
1.009555948514861e-02	1.282642e+01
1.011118448514861e-02	1.459851e+01
1.012680948514861e-02	1.623499e+01
1.014025643814635e-02	1.752412e+01
1.015147921841428e-02	1.849839e+01
1.016389486206916e-02	1.945582e+01
1.017951986206916e-02	2.049406e+01
1.019514486206916e-02	2.134381e+01
1.021076986206916e-02	2.198737e+01
1.022639486206916e-02	2.241856e+01
1.024201986206916e-02	2.263321e+01
1.025764486206916e-02	2.262926e+01
1.027326986206916e-02	2.240674e+01
1.028889486206916e-02	2.196781e+01
1.030451986206916e-02	2.131668e+01
1.032014486206916e-02	2.045962e+01
1.033576986206916e-02	1.940490e+01
1.035139486206916e-02	1.816267e+01
1.036701986206916e-02	1.674487e+01
1.038264486206916e-02	1.516512e+01
1.039826986206916e-02	1.343929e+01
1.041358264151744e-02	1.162105e+01
1.042920764151744e-02	9.653892e+00
1.044483264151744e-02	7.593735e+00
1.046045764151744e-02	5.459818e+00
1.047608264151744e-02	3.272691e+00
1.049170764151744e-02	1.053417e+00
1.050733264151744e-02	-1.176631e+00
1.052295764151744e-02	-3.395977e+00
1.053858264151744e-02	-5.583246e+00
1.055420764151744e-02	-7.717373e+00
1.056983264151744e-02	-9.777803e+00
1.058545764151744e-02	-1.174469e+01
1.060108264151744e-02	-1.359908e+01
1.061670764151744e-02	-1.532309e+01
1.063233264151744e-02	-1.690018e+01
1.064795764151744e-02	-1.831519e+01
1.066358264151744e-02	-1.955446e+01
1.067920764151744e-02	-2.060604e+01
1.069483264151744e-02	-2.145980e+01
1.071045764151744e-02	-2.210752e+01
1.072608264151744e-02	-2.254296e+01
1.074170764151744e-02	-2.276193e+01
1.075733264151744e-02	-2.276231e+01
1.077295764151744e-02	-2.254411e+01
1.078858264151744e-02	-2.210942e+01
1.080420764151744e-02	-2.146243e+01
1.081983264151744e-02	-2.060938e+01
1.083545764151744e-02	-1.955847e+01
1.085108264151744e-02	-1.831983e+01
1.086670764151744e-02	-1.690538e+01
1.088233264151744e-02	-1.532868e+01
1.089795764151744e-02	-1.360496e+01
1.091358264151744e-02	-1.175089e+01
1.092920764151744e-02	-9.784290e+00
1.094483264151744e-02	-7.724100e+00
1.096045764151744e-02	-5.590151e+00
1.097608264151744e-02	-3.402993e+00
1.099170764151744e-02	-1.183690e+00
1.100733264151744e-02	1.046388e+00
1.102295764151744e-02	3.265762e+00
1.103858264151744e-02	5.453059e+00
1.105420764151744e-02	7.587213e+00
1.106983264151745e-02	9.647671e+00
1.108545764151745e-02	1.161458e+01
1.110108264151745e-02	1.346899e+01
1.111670764151745e-02	1.519303e+01
1.113233264151745e-02	1.678263e+01
1.114325235148048e-02	1.779645e+01
1.115546242999177e-02	1.881572e+01
1.116988600364823e-02	1.987556e+01
1.118551100364823e-02	2.084484e+01
1.120113600364823e-02	2.161640e+01
1.121676100364823e-02	2.217915e+01
1.123238600364823e-02	2.252769e+01
1.124801100364823e-02	2.265865e+01
1.126363600364823e-02	2.257077e+01
1.127926100364823e-02	2.226491e+01
1.129488600364823e-02	2.174400e+01
1.131051100364823e-02	2.101306e+01
1.132613600364823e-02	2.007913e+01
1.134176100364823e-02	1.895121e+01
1.135738600364823e-02	1.764015e+01
1.137301100364823e-02	1.615855e+01
1.138863600364823e-02	1.452153e+01
1.140386355986128e-02	1.278998e+01
1.141948855986128e-02	1.089043e+01
1.143511355986128e-02	8.886212e+00
1.145073855986128e-02	6.795801e+00
1.146636355986128e-02	4.639324e+00
1.148198855986128e-02	2.437549e+00
1.149761355986128e-02	2.116794e-01
1.151323855986128e-02	-2.016847e+00
1.152886355986128e-02	-4.226570e+00
1.154448855986128e-02	-6.396205e+00
1.156011355986128e-02	-8.504859e+00
1.157573855986128e-02	-1.053222e+01
1.159136355986128e-02	-1.245876e+01
1.160698855986128e-02	-1.426590e+01
1.162261355986128e-02	-1.593625e+01
1.163823855986128e-02	-1.745378e+01
1.165386355986128e-02	-1.880389e+01
1.166948855986128e-02	-1.997352e+01
1.168511355986128e-02	-2.095142e+01
1.170073855986128e-02	-2.172817e+01
1.171636355986128e-02	-2.229627e+01
1.173198855986128e-02	-2.265027e+01
1.174761355986128e-02	-2.278675e+01
1.176323855986128e-02	-2.270440e+01
1.177886355986128e-02	-2.240401e+01
1.179448855986128e-02	-2.188848e+01
1.181011355986128e-02	-2.116276e+01
1.182573855986128e-02	-2.023385e+01
1.184136355986128e-02	-1.911069e+01
1.185698855986128e-02	-1.780411e+01
1.187261355986128e-02	-1.632664e+01
1.188823855986128e-02	-1.469250e+01
1.190386355986128e-02	-1.291749e+01
1.191948855986128e-02	-1.101872e+01
1.193511355986128e-02	-9.014472e+00
1.195073855986128e-02	-6.924028e+00
1.196636355986128e-02	-4.767520e+00
1.198198855986128e-02	-2.565714e+00
1.199761355986128e-02	-3.398160e-01
1.201323855986128e-02	1.888739e+00
1.202886355986128e-02	4.098489e+00
1.204448855986128e-02	6.268152e+00
1.206011355986128e-02	8.376833e+00
1.207573855986128e-02	1.040422e+01
1.209136355986128e-02	1.233079e+01
1.210698855986128e-02	1.413795e+01
1.212261355986128e-02	1.580832e+01
1.213823855986128e-02	1.734058e+01
1.214849030816988e-02	1.825305e+01
1.216062224793895e-02	1.921504e+01
1.217624724793895e-02	2.029282e+01
1.219187224793895e-02	2.118478e+01
1.220749724793895e-02	2.187211e+01
1.222312224793895e-02	2.234819e+01
1.223874724793895e-02	2.260844e+01
1.225437224793895e-02	2.265034e+01
1.226999724793895e-02	2.247349e+01
1.228562224793895e-02	2.207960e+01
1.230124724793895e-02	2.147247e+01
1.231687224793895e-02	2.065792e+01
1.233249724793895e-02	1.964382e+01
1.234812224793895e-02	1.843993e+01
1.236374724793895e-02	1.705783e+01
1.237937224793895e-02	1.551466e+01
1.239333718606212e-02	1.400714e+01
1.240749333721905e-02	1.236245e+01
1.242311833721905e-02	1.043460e+01
1.243874333721905e-02	8.408610e+00
1.245436833721905e-02	6.301029e+00
1.246999333721905e-02	4.132158e+00
1.248561833721905e-02	1.922882e+00
1.250124333721905e-02	-3.055202e-01
1.251686833721905e-02	-2.531590e+00
1.253249333721905e-02	-4.733886e+00
1.254811833721905e-02	-6.891201e+00
1.256374333721905e-02	-8.982756e+00
1.257936833721905e-02	-1.098841e+01
1.259499333721905e-02	-1.288883e+01
1.261061833721905e-02	-1.466569e+01
1.262624333721905e-02	-1.630192e+01
1.264186833721905e-02	-1.778181e+01
1.265749333721905e-02	-1.909109e+01
1.267311833721905e-02	-2.021712e+01
1.268874333721905e-02	-2.114906e+01
1.270436833721905e-02	-2.187793e+01
1.271999333721905e-02	-2.239671e+01
1.273561833721905e-02	-2.270041e+01
1.275124333721905e-02	-2.278609e+01
1.276686833721905e-02	-2.265294e+01
1.278249333721905e-02	-2.230224e+01
1.279811833721905e-02	-2.173736e+01
1.281374333721905e-02	-2.096375e+01
1.282936833721905e-02	-1.998884e+01
1.284499333721905e-02	-1.882204e+01
1.286061833721905e-02	-1.747458e+01
1.287624333721905e-02	-1.595940e+01
1.289186833721905e-02	-1.429107e+01
1.290749333721905e-02	-1.248573e+01
1.292311833721905e-02	-1.056079e+01
1.293874333721905e-02	-8.534767e+00
1.295436833721905e-02	-6.427155e+00
1.296999333721905e-02	-4.258253e+00
1.298561833721905e-02	-2.048948e+00
1.300124333721905e-02	1.794828e-01
1.301686833721905e-02	2.405580e+00
1.303249333721905e-02	4.607903e+00
1.304811833721905e-02	6.765245e+00
1.306374333721905e-02	8.856827e+00
1.307936833721905e-02	1.086250e+01
1.309499333721905e-02	1.276295e+01
1.311061833721905e-02	1.453983e+01
1.312624333721905e-02	1.618014e+01
1.314029594226920e-02	1.753013e+01
1.315135184183763e-02	1.849142e+01
1.316376007096510e-02	1.944914e+01
1.317938507096510e-02	2.048902e+01
1.319501007096510e-02	2.134052e+01
1.321063507096510e-02	2.198589e+01
1.322626007096510e-02	2.241893e+01
1.324188507096510e-02	2.263545e+01
1.325751007096510e-02	2.263339e+01
1.327313507096510e-02	2.241275e+01
1.328876007096510e-02	2.197567e+01
1.330438507096510e-02	2.132634e+01
1.332001007096510e-02	2.047104e+01
1.333563507096510e-02	1.941798e+01
1.335126007096510e-02	1.817731e+01
1.336688507096510e-02	1.676097e+01
1.338251007096510e-02	1.518255e+01
1.339813507096510e-02	1.345820e+01
1.341330600720804e-02	1.165833e+01
1.342893100720804e-02	9.692735e+00
1.344455600720804e-02	7.634064e+00
1.346018100720804e-02	5.501276e+00
1.347580600720804e-02	3.314908e+00
1.349143100720804e-02	1.096017e+00
1.350705600720804e-02	-1.134028e+00
1.352268100720804e-02	-3.353750e+00
1.353830600720804e-02	-5.541772e+00
1.355393100720804e-02	-7.677021e+00
1.356955600720804e-02	-9.738932e+00
1.358518100720804e-02	-1.170764e+01
1.360080600720804e-02	-1.356418e+01
1.361643100720804e-02	-1.529065e+01
1.363205600720804e-02	-1.687048e+01
1.364768100720804e-02	-1.828848e+01
1.366330600720804e-02	-1.953098e+01
1.367893100720804e-02	-2.058597e+01
1.369455600720804e-02	-2.144332e+01
1.371018100720804e-02	-2.209474e+01
1.372580600720804e-02	-2.253399e+01
1.374143100720804e-02	-2.275681e+01
1.375705600720804e-02	-2.276107e+01
1.377268100720804e-02	-2.254672e+01
1.378830600720804e-02	-2.211584e+01
1.380393100720804e-02	-2.147256e+01
1.381955600720804e-02	-2.062309e+01
1.383518100720804e-02	-1.957561e+01
1.385080600720804e-02	-1.834019e+01
1.386643100720804e-02	-1.692874e+01
1.388205600720804e-02	-1.535479e+01
1.389768100720804e-02	-1.363353e+01
1.391330600720804e-02	-1.178161e+01
1.392893100720804e-02	-9.816848e+00
1.394455600720804e-02	-7.758145e+00
1.396018100720804e-02	-5.625326e+00
1.397580600720804e-02	-3.438929e+00
1.399143100720804e-02	-1.220010e+00
1.400705600720804e-02	1.010063e+00
1.402268100720804e-02	3.229812e+00
1.403830600720804e-02	5.417861e+00
1.405393100720804e-02	7.553136e+00
1.406955600720804e-02	9.615072e+00
1.408518100720804e-02	1.158381e+01
1.410080600720804e-02	1.344037e+01
1.411643100720804e-02	1.516686e+01
1.413205600720804e-02	1.675784e+01
1.414348406879404e-02	1.781935e+01
1.415551852218982e-02	1.882301e+01
1.417027451100498e-02	1.990424e+01
1.418589951100498e-02	2.086963e+01
1.420152451100498e-02	2.163607e+01
1.421714951100498e-02	2.219355e+01
1.423277451100498e-02	2.253671e+01
1.424839951100498e-02	2.266224e+01
1.426402451100498e-02	2.256892e+01
1.427964951100498e-02	2.225766e+01
1.429527451100498e-02	2.173146e+01
1.431089951100498e-02	2.099538e+01
1.432652451100498e-02	2.005651e+01
1.434214951100498e-02	1.892389e+01
1.435777451100498e-02	1.760843e+01
1.437339951100498e-02	1.612277e+01
1.438902451100498e-02	1.448149e+01
1.440451336187059e-02	1.271593e+01
1.442013836187059e-02	1.081216e+01
1.443576336187059e-02	8.803967e+00
1.445138836187059e-02	6.710402e+00
1.446701336187059e-02	4.551622e+00
1.448263836187059e-02	2.348419e+00
1.449826336187059e-02	1.220107e-01
1.451388836187059e-02	-2.106162e+00
1.452951336187059e-02	-4.314640e+00
1.454513836187059e-02	-6.482153e+00
1.456076336187059e-02	-8.587827e+00
1.457638836187059e-02	-1.061138e+01
1.459201336187059e-02	-1.253332e+01
1.460763836187059e-02	-1.433511e+01
1.462326336187059e-02	-1.599942e+01
1.463888836187059e-02	-1.751027e+01
1.465451336187059e-02	-1.885311e+01
1.467013836187059e-02	-2.001499e+01
1.468576336187059e-02	-2.098470e+01
1.470138836187059e-02	-2.175290e+01
1.471701336187059e-02	-2.231220e+01
1.473263836187059e-02	-2.265720e+01
1.474826336187059e-02	-2.278460e+01
1.476388836187059e-02	-2.269315e+01
1.477951336187059e-02	-2.238374e+01
1.479513836187059e-02	-2.185935e+01
1.481076336187059e-02	-2.112503e+01
1.482638836187059e-02	-2.018785e+01
1.484201336187059e-02	-1.905684e+01
1.485763836187059e-02	-1.774289e+01
1.487326336187059e-02	-1.625861e+01
1.488888836187059e-02	-1.461829e+01
1.490451336187059e-02	-1.283778e+01
1.492013836187059e-02	-1.093426e+01
1.493576336187059e-02	-8.926032e+00
1.495138836187059e-02	-6.832435e+00
1.496701336187059e-02	-4.673626e+00
1.498263836187059e-02	-2.470395e+00
1.499826336187059e-02	-2.439582e-01
1.501388836187059e-02	1.984241e+00
1.502951336187059e-02	4.192746e+00
1.504513836187059e-02	6.360285e+00
1.506076336187059e-02	8.465984e+00
1.507638836187059e-02	1.048956e+01
1.509201336187059e-02	1.241152e+01
1.510763836187059e-02	1.421334e+01
1.512326336187059e-02	1.587766e+01
1.513888836187059e-02	1.740158e+01
1.514976699061219e-02	1.836280e+01
1.516171400671005e-02	1.930089e+01
1.517733900671005e-02	2.036470e+01
1.519296400671005e-02	2.124262e+01
1.520858900671005e-02	2.191538e+01
1.522421400671005e-02	2.237650e+01
1.523983900671005e-02	2.262155e+01
1.525546400671005e-02	2.264815e+01
1.527108900671005e-02	2.245606e+01
1.528671400671005e-02	2.204712e+01
1.530233900671005e-02	2.142528e+01
1.531796400671005e-02	2.059651e+01
1.533358900671005e-02	1.956881e+01
1.534921400671005e-02	1.835207e+01
1.536483900671005e-02	1.695800e+01
1.538046400671005e-02	1.539997e+01
1.539608900671005e-02	1.369599e+01
1.541025700668368e-02	1.203314e+01
1.542588200668368e-02	1.008613e+01
1.544150700668368e-02	8.044264e+00
1.545713200668368e-02	5.924344e+00
1.547275700668368e-02	3.746792e+00
1.548838200668368e-02	1.532576e+00
1.550400700668368e-02	-6.969793e-01
1.551963200668368e-02	-2.920401e+00
1.553525700668368e-02	-5.116277e+00
1.555088200668368e-02	-7.263458e+00
1.556650700668368e-02	-9.341265e+00
1.558213200668368e-02	-1.132968e+01
1.559775700668368e-02	-1.320955e+01
1.561338200668368e-02	-1.496275e+01
1.562900700668368e-02	-1.657243e+01
1.564463200668368e-02	-1.802313e+01
1.566025700668367e-02	-1.930087e+01
1.567588200668367e-02	-2.039332e+01
1.569150700668367e-02	-2.128994e+01
1.570713200668367e-02	-2.198210e+01
1.572275700668367e-02	-2.246315e+01
1.573838200668367e-02	-2.272844e+01
1.575400700668366e-02	-2.277542e+01
1.576963200668366e-02	-2.260363e+01
1.578525700668366e-02	-2.221474e+01
1.580088200668366e-02	-2.161249e+01
1.581650700668366e-02	-2.080267e+01
1.583213200668366e-02	-1.979309e+01
1.584775700668365e-02	-1.859347e+01
1.586338200668365e-02	-1.721535e+01
1.587900700668365e-02	-1.567197e+01
1.589463200668365e-02	-1.397820e+01
1.591025700668365e-02	-1.215041e+01
1.592588200668365e-02	-1.020621e+01
1.594150700668364e-02	-8.164312e+00
1.595713200668364e-02	-6.044363e+00
1.597275700668364e-02	-3.866781e+00
1.598838200668364e-02	-1.653180e+00
1.600000000000000e-02	5.036253e-03
